1.730000000000000000e+02 1.729929266641306356e+02 1.729950919927552775e+02 1.729775841291560710e+02 1.729670644360919312e+02 1.729497169672056600e+02 1.729446702114371419e+02 1.730022345254587606e+02 1.736510162353515625e+02 1.748311671767123983e+02 1.756022157890852213e+02 1.757104722843613729e+02 1.755736981768940836e+02 1.752756585409474894e+02 1.747420260407203898e+02 1.740657220884810954e+02 1.734819807895394206e+02 1.731997921965842977e+02 1.731253623075263306e+02 1.731050904739734619e+02 1.730872795637263835e+02 1.730513348246729777e+02 1.730330998620321452e+02 1.730164067467977702e+02
2.130000000000000000e+02 2.129946625378667022e+02 2.129817174794722519e+02 2.129815879354671608e+02 2.129844310526945037e+02 2.129745196906887656e+02 2.129678173454440469e+02 2.130250901202766158e+02 2.135038442806321655e+02 2.144944644850127418e+02 2.152590453478754853e+02 2.154958343505859375e+02 2.154447575783242996e+02 2.151809019750478456e+02 2.146829229860889541e+02 2.140345969686702858e+02 2.134867528798628769e+02 2.131865981744260239e+02 2.130983625139508888e+02 2.130627998819156517e+02 2.130410679408482224e+02 2.130216288663903015e+02 2.130073348064811967e+02 2.129988415776466866e+02
2.530000000000000000e+02 2.529932391826923208e+02 2.529974643022586065e+02 2.529928663204877921e+02 2.529856950808793954e+02 2.529861947084084477e+02 2.529891560872395928e+02 2.530238960461738884e+02 2.530942899263822028e+02 2.535964734982221671e+02 2.541834638546674796e+02 2.544343359531500539e+02 2.545057811247996824e+02 2.544199797801482248e+02 2.541568067501752921e+02 2.537710011800130303e+02 2.533904176369691470e+02 2.531746700971554560e+02 2.530915797306941215e+02 2.530571993314302972e+02 2.530426721817407838e+02 2.530242763421474308e+02 2.530109820243639831e+02 2.530051003480568852e+02
2.930000000000000000e+02 2.930026941714079385e+02 2.929983620021654360e+02 2.929943841021993762e+02 2.929762546705163118e+02 2.929610880976138105e+02 2.929486296280570627e+02 2.929134806757388105e+02 2.927136064612346900e+02 2.930279083251953125e+02 2.935612666917883757e+02 2.938601041047469380e+02 2.940080758799677483e+02 2.940209775178328755e+02 2.939087922469429373e+02 2.936826762323794355e+02 2.934001803190811870e+02 2.932096391760784400e+02 2.931087082572605027e+02 2.930591848622197517e+02 2.930433900252632498e+02 2.930304532258406880e+02 2.930218757961107485e+02 2.930156661323879348e+02
3.330000000000000000e+02 3.329925072987874159e+02 3.329902038574218750e+02 3.329817193349202284e+02 3.329577217102050781e+02 3.329319616953532091e+02 3.329186242421467909e+02 3.328472067515055528e+02 3.324599698384602675e+02 3.326211236317952284e+02 3.331123059590657363e+02 3.334716491699218750e+02 3.337203032175700059e+02 3.338668219248453966e+02 3.338688125610351562e+02 3.337064641316731581e+02 3.334755217234293809e+02 3.332699680328369141e+02 3.331490446726481309e+02 3.330816726684570312e+02 3.330457973480224609e+02 3.330242996215820312e+02 3.330161596934000841e+02 3.329993190765380859e+02
1.730000000000000000e+02 1.729951921828249795e+02 1.729887500519448054e+02 1.729967862392993823e+02 1.729885886983668684e+02 1.729706745553523888e+02 1.729635951265375695e+02 1.731655114356507568e+02 1.737014481564785626e+02 1.744179103120844445e+02 1.748392080753407640e+02 1.749405030595495418e+02 1.748724290563705210e+02 1.746598215306058819e+02 1.743008822177318677e+02 1.738708018850772987e+02 1.734781062349360070e+02 1.732382844965508752e+02 1.731283984894448054e+02 1.730700076488738262e+02 1.730268898821891526e+02 1.729950792028548960e+02 1.729709401232130972e+02 1.729600291150681528e+02
2.130000000000000000e+02 2.130115558790124055e+02 2.130232895560886561e+02 2.130166977592136561e+02 2.129908908346424994e+02 2.129696565710979996e+02 2.129565094657566249e+02 2.130283269467561240e+02 2.134532387774923450e+02 2.141495756066363754e+02 2.146753798775050939e+02 2.148876213405443139e+02 2.149360713129458134e+02 2.148092147163722814e+02 2.144979593028192824e+02 2.140578500498895949e+02 2.136158958103345924e+02 2.133213245557702180e+02 2.131768095596976877e+02 2.130829036546790007e+02 2.130365394923997826e+02 2.130176129548445942e+02 2.130007251241932806e+02 2.129880201920219065e+02
2.530000000000000000e+02 2.529945279634915778e+02 2.530092323498848259e+02 2.529990484775641164e+02 2.529927207751151741e+02 2.529791326278295287e+02 2.529623291798127127e+02 2.529350276849208683e+02 2.530492518498347465e+02 2.534295360858623667e+02 2.539487382937700204e+02 2.542673085530599053e+02 2.544539118057642213e+02 2.544678673377403868e+02 2.542819792918669748e+02 2.539313600980318597e+02 2.535622801169371030e+02 2.532858319404797669e+02 2.531266315166766958e+02 2.530421760754707634e+02 2.529983367919921875e+02 2.529785128862429815e+02 2.529665335630759273e+02 2.529497653276492315e+02
2.930000000000000000e+02 2.929906657825816865e+02 2.929874295321378099e+02 2.929689573808149703e+02 2.929583296342329390e+02 2.929484232122247818e+02 2.929380694302645338e+02 2.928455172452059401e+02 2.925879405628551240e+02 2.926944039084694396e+02 2.930883893099698412e+02 2.934047282825816865e+02 2.936410383744673140e+02 2.937633791836825026e+02 2.937748961015180953e+02 2.936442649147727479e+02 2.934140396118164062e+02 2.932207024314186583e+02 2.931105249578302505e+02 2.930535895607688417e+02 2.930245624889026885e+02 2.930013025457208755e+02 2.929837362116033432e+02 2.929781341552734375e+02
3.330000000000000000e+02 3.329847099667503585e+02 3.329670540945870698e+02 3.329561040969122132e+02 3.329417550223214448e+02 3.329151262555803328e+02 3.328882191975911269e+02 3.327646440778459578e+02 3.322735406784784118e+02 3.321156623477027665e+02 3.323359113420759172e+02 3.325752766927083144e+02 3.328277231852213731e+02 3.330733468191964448e+02 3.332599509102957427e+02 3.333361983526320955e+02 3.332811301095144927e+02 3.331763174874441802e+02 3.330999559674943953e+02 3.330673363095237960e+02 3.330438682919456710e+02 3.330312797909691085e+02 3.330175345284598052e+02 3.330037812732514908e+02
1.730000000000000000e+02 1.730024448741565948e+02 1.730033375133167510e+02 1.729963892156427505e+02 1.729823327498002357e+02 1.729667642766779068e+02 1.729533108797940315e+02 1.729751396179199219e+02 1.731026299216530617e+02 1.734535577947443130e+02 1.736531281904740638e+02 1.737275404496626550e+02 1.737480118491432961e+02 1.737191966663707490e+02 1.736227940646084846e+02 1.734524525729092659e+02 1.732842167941006721e+02 1.731737854697487649e+02 1.731202642267400620e+02 1.731025203358043427e+02 1.730933525779030617e+02 1.730890627774325310e+02 1.730857360146262351e+02 1.730767926302823128e+02
2.130000000000000000e+02 2.130087957614805703e+02 2.130126659114186225e+02 2.130046855647389350e+02 2.129883876893578645e+02 2.129647920189834167e+02 2.129454129847084687e+02 2.129502563476562500e+02 2.130178758574695053e+02 2.132960930801019401e+02 2.135318488144293099e+02 2.136651525730040078e+02 2.137424625303686980e+02 2.137398789568645157e+02 2.136655872624095025e+02 2.135158047559784791e+02 2.133377395257717239e+02 2.131981126738757553e+02 2.131139518923875755e+02 2.130554478342940286e+02 2.130307245021913047e+02 2.130182472787252266e+02 2.130065415545207657e+02 2.129979132675543099e+02
2.530000000000000000e+02 2.530007829666137695e+02 2.530094623565673828e+02 2.529995050430297852e+02 2.529867458343505859e+02 2.529647593498229980e+02 2.529355645179748535e+02 2.529105720520019531e+02 2.529089069366455078e+02 2.531391329765319824e+02 2.533928675651550293e+02 2.535567216873168945e+02 2.536715655326843262e+02 2.537154941558837891e+02 2.536793580055236816e+02 2.535524477958679199e+02 2.533724408149719238e+02 2.532226867675781250e+02 2.531234974861145020e+02 2.530731091499328613e+02 2.530609912872314453e+02 2.530432229042053223e+02 2.530333490371704102e+02 2.530151019096374512e+02
2.930000000000000000e+02 2.929831451416015398e+02 2.929829505920409929e+02 2.929778221130371207e+02 2.929712196350097884e+02 2.929479408264160156e+02 2.929318489074706804e+02 2.929052268981933480e+02 2.928333343505859148e+02 2.930238021850585710e+02 2.933655441284179801e+02 2.935649940490722543e+02 2.937068214416503906e+02 2.937747482299804460e+02 2.937422172546386605e+02 2.935835571289062500e+02 2.933416160583495866e+02 2.931680068969726562e+02 2.930899810791015625e+02 2.930552955627441634e+02 2.930425041198730582e+02 2.930268379211426009e+02 2.930181907653808366e+02 2.930152084350585824e+02
3.330000000000000000e+02 3.329945774078369141e+02 3.329912700653076172e+02 3.329862702687581191e+02 3.329793758392333984e+02 3.329637457529703966e+02 3.329544251759846816e+02 3.329174715677897325e+02 3.327819417317708144e+02 3.328294836680094591e+02 3.330428435007731309e+02 3.332250970204671034e+02 3.333920828501383653e+02 3.335096333821614394e+02 3.335249474843342909e+02 3.334031778971354356e+02 3.332197373708089003e+02 3.330944468180338731e+02 3.330483697255452284e+02 3.330256818135579238e+02 3.330169728597005019e+02 3.330099455515543809e+02 3.330001386006672988e+02 3.329982592264811387e+02
