2.230000000000000000e+02 2.230039313180106149e+02 2.229948505219959145e+02 2.229759819394066085e+02 2.229853729974655892e+02 2.229856276739211296e+02 2.229904054914202050e+02 2.229815016246977279e+02 2.229776600428990037e+02 2.229946982974097978e+02 2.233082151867094467e+02 2.235348906744094108e+02 2.235795883905319954e+02 2.236020108177548309e+02 2.236431354341052895e+02 2.236363590785435349e+02 2.234868287586030533e+02 2.232953829084123925e+02 2.231584007626487960e+02 2.230802961077008888e+02 2.230573697771344825e+02 2.230379024687267417e+02 2.230207123529343392e+02 2.229936185564313575e+02
2.230000000000000000e+02 2.229964587402343739e+02 2.229864941406250125e+02 2.229778485107421773e+02 2.229754333496093750e+02 2.229724847412109341e+02 2.229871569824218795e+02 2.229717807006835812e+02 2.228646694946289131e+02 2.226704971313476449e+02 2.229005453491211028e+02 2.232301409912109307e+02 2.233889758300781239e+02 2.235346987915038994e+02 2.237260910034179631e+02 2.238317501831054699e+02 2.237198406982421943e+02 2.234748818969726472e+02 2.232702279663085960e+02 2.231494015502929642e+02 2.230979733276367085e+02 2.230591381835937455e+02 2.230485992431640625e+02 2.230376403808593864e+02
2.230000000000000000e+02 2.229931235062448707e+02 2.229836771111739324e+02 2.229726321571751555e+02 2.229566521895559106e+02 2.229419447246350785e+02 2.229489581459446867e+02 2.229311997263055218e+02 2.227382499293277078e+02 2.223593790154708074e+02 2.225487168964586715e+02 2.229776711714895043e+02 2.232205344752261453e+02 2.234150876496967442e+02 2.236641548558285422e+02 2.238538477044356512e+02 2.237563211541426824e+02 2.234859550877621359e+02 2.232453874286852340e+02 2.230989596718235930e+02 2.230340307135330988e+02 2.229949397036903918e+02 2.229817802027652078e+02 2.229677585802580211e+02
2.230000000000000000e+02 2.229975215830701529e+02 2.229944000244140625e+02 2.229805528356673960e+02 2.229707216303399377e+02 2.229641665194896802e+02 2.229609689915433819e+02 2.229406640884724027e+02 2.227036129565949238e+02 2.221041259765625000e+02 2.220506078841838473e+02 2.223650642557346941e+02 2.225985162613239652e+02 2.228129233502327224e+02 2.231022621317112566e+02 2.233935816338721736e+02 2.234638905626662222e+02 2.233234749651969651e+02 2.231592030626662222e+02 2.230614880500955906e+02 2.230183816463389235e+02 2.229975329459981594e+02 2.230004402322971941e+02 2.230039620906748610e+02
2.230000000000000000e+02 2.229970817565917969e+02 2.229989906946817939e+02 2.229851967493692939e+02 2.229861386617024834e+02 2.229996051788330078e+02 2.230002587636311944e+02 2.229776468276977539e+02 2.228461573918660577e+02 2.223087676366170342e+02 2.220396003723144531e+02 2.221175127029418945e+02 2.222032222747802734e+02 2.223374201456705634e+02 2.225996793111165459e+02 2.229465408325195312e+02 2.231339985529581611e+02 2.231344823837280273e+02 2.230601367950439453e+02 2.230062309900919502e+02 2.229933420817057197e+02 2.229905827840169366e+02 2.230110006332397461e+02 2.230232632954915459e+02
2.630000000000000000e+02 2.629987679339469651e+02 2.629884062422082707e+02 2.629960158327792783e+02 2.629917011666805138e+02 2.629955765744472842e+02 2.629895295488073543e+02 2.629919394635139724e+02 2.629703969752534931e+02 2.629465844986286811e+02 2.632440013479679237e+02 2.635675302059092360e+02 2.637056485439868538e+02 2.637850500877867148e+02 2.638853483808801457e+02 2.639132440445271186e+02 2.637416310411818472e+02 2.634542642146982985e+02 2.632318686627327224e+02 2.631123391009391526e+02 2.630667744088680138e+02 2.630380784704329926e+02 2.630255448361660342e+02 2.630044529691655839e+02
2.630000000000000000e+02 2.629984614595453536e+02 2.629873770855842849e+02 2.629837919194647498e+02 2.629667653834566181e+02 2.629599599635347431e+02 2.629710235595703125e+02 2.629733795815325834e+02 2.629626925853972921e+02 2.630171875649310209e+02 2.634425902671002291e+02 2.638861840430726602e+02 2.640818410021193472e+02 2.641955965732006462e+02 2.642874668202501880e+02 2.642759581220910832e+02 2.640100620350939380e+02 2.636378810152094161e+02 2.633475617753698543e+02 2.631846417366190281e+02 2.631035724396401179e+02 2.630560205337849311e+02 2.630232384864320352e+02 2.630072573398022087e+02
2.630000000000000000e+02 2.629906507793225501e+02 2.629903002287211962e+02 2.629764693410772907e+02 2.629714427747224477e+02 2.629754233109323422e+02 2.629832317954615633e+02 2.629881595812345836e+02 2.630181900827508343e+02 2.629970779418945312e+02 2.634259498997738547e+02 2.639741475958573460e+02 2.642619211297285915e+02 2.644153699372944288e+02 2.645366235030325015e+02 2.645299116435803626e+02 2.642114442524157312e+02 2.637691975643760429e+02 2.634154153121145328e+02 2.632129107023540087e+02 2.631209993864360399e+02 2.630743360017475538e+02 2.630524946513928626e+02 2.630398559570312500e+02
2.630000000000000000e+02 2.629893382679332490e+02 2.629845199584960938e+02 2.629652366638183594e+02 2.629658882834694396e+02 2.629726191433992994e+02 2.629890060424804688e+02 2.629926300048828125e+02 2.629622358842329390e+02 2.627252519780939224e+02 2.629938233115456114e+02 2.635180816650390625e+02 2.638252150795676698e+02 2.640047406283292162e+02 2.641535214510831224e+02 2.642010283036665328e+02 2.639875848943536880e+02 2.636302875172008271e+02 2.633230497186834214e+02 2.631498107910156250e+02 2.630770062533292162e+02 2.630451701771129365e+02 2.630333900451660156e+02 2.630185456709428422e+02
2.630000000000000000e+02 2.629863001505534044e+02 2.629794634864443879e+02 2.629560179937453768e+02 2.629494850521995772e+02 2.629477876935686140e+02 2.629512623378208787e+02 2.629402236938476562e+02 2.628420039585658401e+02 2.624652255830310423e+02 2.625853725615002077e+02 2.630087022327241471e+02 2.632927838280087371e+02 2.634862812587193162e+02 2.636761089506603639e+02 2.638214681716192445e+02 2.637425686064220827e+02 2.634801850091843107e+02 2.632431324550083787e+02 2.631034048171270570e+02 2.630384964715866545e+02 2.630108257475353639e+02 2.630047643752325257e+02 2.629999513171968033e+02
3.030000000000000000e+02 3.029832039766533285e+02 3.029625095101289958e+02 3.029488731206849366e+02 3.029432600154432862e+02 3.029550852221111654e+02 3.029712503122729004e+02 3.030162978061409831e+02 3.030543695494185954e+02 3.030034541640170573e+02 3.033702286121456950e+02 3.039048987100290447e+02 3.041804759890534342e+02 3.043102793139080404e+02 3.044111668786337077e+02 3.043927172283793539e+02 3.041480925803960531e+02 3.037845657703488200e+02 3.034618679312772542e+02 3.032399767498637289e+02 3.031184720771257162e+02 3.030597881938135743e+02 3.030232636207758219e+02 3.029939887468204915e+02
3.030000000000000000e+02 3.029823051452636946e+02 3.029655059814452898e+02 3.029439903259277571e+02 3.029344459533691634e+02 3.029344406127929688e+02 3.029437713623046875e+02 3.029836112976074105e+02 3.031007728576660156e+02 3.032147079467773665e+02 3.037443237304687500e+02 3.043222686767578011e+02 3.046300613403320199e+02 3.047590545654296648e+02 3.048272956848144304e+02 3.047521125793456918e+02 3.043871971130371321e+02 3.039033134460449332e+02 3.034925254821777116e+02 3.032399444580078125e+02 3.031159172058105469e+02 3.030502944946289290e+02 3.030175979614257926e+02 3.029950492858886832e+02
3.030000000000000000e+02 3.029879509420956083e+02 3.029791645723230431e+02 3.029664899040670889e+02 3.029677447150735361e+02 3.029835285859949181e+02 3.029897640452665541e+02 3.029951818129595722e+02 3.030955981086282236e+02 3.031819269516888653e+02 3.037324721392463402e+02 3.044060767678653292e+02 3.047738737218519987e+02 3.049450073242187500e+02 3.050236951042624014e+02 3.049314826516543917e+02 3.045255683450137667e+02 3.039914128920611347e+02 3.035501834644990709e+02 3.032823522231158222e+02 3.031583853328929195e+02 3.030959167480468750e+02 3.030648256189683138e+02 3.030416825238395973e+02
3.030000000000000000e+02 3.029840408325195540e+02 3.029667884826660043e+02 3.029455230712890739e+02 3.029376342773437614e+02 3.029418434143066179e+02 3.029615287780761719e+02 3.029658622741699219e+02 3.029968704223632585e+02 3.029297332763671875e+02 3.034883651733398438e+02 3.042562301635742301e+02 3.047200004577636605e+02 3.049412910461425668e+02 3.050419647216796761e+02 3.049735656738281477e+02 3.045675216674804915e+02 3.040040504455566293e+02 3.035481582641601790e+02 3.032871040344238054e+02 3.031586608886718750e+02 3.030956665039062727e+02 3.030572631835937614e+02 3.030336784362792741e+02
3.030000000000000000e+02 3.029771359761555800e+02 3.029594593048095703e+02 3.029340941111246934e+02 3.029199568430582872e+02 3.029295463562011719e+02 3.029343605041503906e+02 3.029250259399414062e+02 3.028504263559977403e+02 3.026100323994954238e+02 3.032177009582519531e+02 3.040687643686930528e+02 3.045576775868733534e+02 3.048246383666992188e+02 3.049541098276774278e+02 3.049123999277750841e+02 3.045315405527750841e+02 3.040127086639404297e+02 3.035470288594563613e+02 3.032718289693196425e+02 3.031435400644938341e+02 3.030726133982340684e+02 3.030448411305745253e+02 3.030216172536214003e+02
