1.000000000000000000e+00 9.995428079743235994e-01 1.000321381835555856e+00 1.000912993546049012e+00 9.998669337048826655e-01 9.991033843342500553e-01 9.994217092817679893e-01 1.000934604658463289e+00 1.006784024021215140e+00 1.014458926998862420e+00 1.020943465161930686e+00 1.025712240197284242e+00 1.029643622614128562e+00 1.029963057320790076e+00 1.026763757463328819e+00 1.024150362705317230e+00 1.017539739708931634e+00 1.012399863174722858e+00 1.008408574454940698e+00 1.008349820618049231e+00 1.006499081865231959e+00 1.005505105316735648e+00 1.004685648239951767e+00 1.004946364628203970e+00
9.999999999999998890e-01 1.000589314834223975e+00 1.000329617025391693e+00 9.999960486554537731e-01 1.000682616351600274e+00 1.000031739576487055e+00 1.000579117008751240e+00 9.990432722014589428e-01 9.948418941251203629e-01 9.883497405353165455e-01 9.863949186752752896e-01 9.853084956219257950e-01 9.850983048569394995e-01 9.858351673966405659e-01 9.869630793647115041e-01 9.901080517271551029e-01 9.936269734107311402e-01 9.968571750102885876e-01 9.986338190963909289e-01 9.987781106526454344e-01 9.989780257296143606e-01 9.986995843991209876e-01 9.991582530297669074e-01 9.992339065769162421e-01
9.999999999999998890e-01 1.000393211580235198e+00 1.000142412449038565e+00 1.000339804293416401e+00 9.998022778891371143e-01 9.989317048072167138e-01 9.991154506826592785e-01 9.982267230858378193e-01 9.920099921773913865e-01 9.847079895751270628e-01 9.827622081151837774e-01 9.846079820773250280e-01 9.862355937846144505e-01 9.887684274515687877e-01 9.936100147639809199e-01 9.988470084780755043e-01 1.001796694852031822e+00 1.002969759965143703e+00 1.003894939972097999e+00 1.003767706559123729e+00 1.003855061571606644e+00 1.004073688374423234e+00 1.003947909116739146e+00 1.003662587709754472e+00
9.999999999999998890e-01 1.000336673942485932e+00 1.000305888135132326e+00 1.000703066169584599e+00 1.000492712350887992e+00 1.000364306304250883e+00 9.992494961671237741e-01 9.984519684712486187e-01 9.935881422940161523e-01 9.889920448281990240e-01 9.861612877861988258e-01 9.830505440255059568e-01 9.821217003218344344e-01 9.837473223010734236e-01 9.862015816197541307e-01 9.898537620287203298e-01 9.934404012179020027e-01 9.959515082013016274e-01 9.961127002685830067e-01 9.964087591113318654e-01 9.958753120156107475e-01 9.963449861802790020e-01 9.960464771381408733e-01 9.958674679692425258e-01
9.999999999999998890e-01 1.000005765362732113e+00 1.000542959494951534e+00 1.000693116902402924e+00 1.001006424925862115e+00 1.000972986738578374e+00 1.001161976032838297e+00 1.001530092014855544e+00 1.001104200790674081e+00 9.952460654013085550e-01 9.897794458531679052e-01 9.874272255224999517e-01 9.840542098047572184e-01 9.838914056721717039e-01 9.873825964439337799e-01 9.912072556595634687e-01 9.952398975855958341e-01 9.984088982142176327e-01 9.986481054123590440e-01 9.979442174954893385e-01 9.976599294893161440e-01 9.977482611046691874e-01 9.979686346657419271e-01 9.978275915285088615e-01
9.999999999999998890e-01 1.000543120561894650e+00 1.001493126280893931e+00 1.002010514570904176e+00 1.002538069562711076e+00 1.003134881988120508e+00 1.003706228025296854e+00 1.003410653701187316e+00 1.004372095834015877e+00 1.004620036589591869e+00 1.003161487652981521e+00 9.986476072911275592e-01 9.967221740340657110e-01 9.970952728692372702e-01 9.983130821669631283e-01 9.988598922314395612e-01 9.980167656465634973e-01 9.970910877629950431e-01 9.975993555717895811e-01 9.979379558446437315e-01 9.971593015327433474e-01 9.966927591974742429e-01 9.972184874638997387e-01 9.979940587174548350e-01
9.999999999999998890e-01 9.998175115343476138e-01 9.999989320028648265e-01 1.000338116186796800e+00 1.000692884626704693e+00 1.000462921549182926e+00 1.000845924170793877e+00 9.987173992607427664e-01 9.946392850415867182e-01 9.930776594307996197e-01 9.943617419253032441e-01 9.999285201010520430e-01 1.002029303916699421e+00 1.003410037039900615e+00 1.004195564615546266e+00 1.004443135385190145e+00 1.004846040167641341e+00 1.004929379542465195e+00 1.004684970788964904e+00 1.004011874168033946e+00 1.003727668261380046e+00 1.004233111809652579e+00 1.003180821844715576e+00 1.002795538267384545e+00
1.000000000000000000e+00 1.000087325107796410e+00 1.000097497315248329e+00 9.997099512799577647e-01 9.995627217982381296e-01 9.994454489138708819e-01 9.996021491816013960e-01 1.000425806697401887e+00 9.979531140376967091e-01 9.930051868181817287e-01 9.900928452666216684e-01 9.898791942629499019e-01 9.904444419870287453e-01 9.908509000419496449e-01 9.927449840002893211e-01 9.942848683030016677e-01 9.933926621383102340e-01 9.942701913508356082e-01 9.946249905052061413e-01 9.962232392040050177e-01 9.968259906818603966e-01 9.972755778228890033e-01 9.968468039453470819e-01 9.967582963775435401e-01
9.999999999999998890e-01 1.000434243488146357e+00 1.000065869652798867e+00 9.999699724703974280e-01 9.995659162248092811e-01 9.993630340053955008e-01 9.995660914895203586e-01 9.992761607007243363e-01 9.979624453271374040e-01 9.920157701464710209e-01 9.881454318894936639e-01 9.873858305938971736e-01 9.864870009740780432e-01 9.871037073948134566e-01 9.885533259815942886e-01 9.908065895360670394e-01 9.920325454691334421e-01 9.935796620046275507e-01 9.939762024048758304e-01 9.942127316068075649e-01 9.946893922464463689e-01 9.951233461710110584e-01 9.948288584949891433e-01 9.951763877058950047e-01
1.000000000000000000e+00 9.996135613737825443e-01 9.993358281187117997e-01 9.996117187923370118e-01 1.000328434504879072e+00 1.000669321247392274e+00 1.001365980307906023e+00 1.001962041944034043e+00 1.001239146167213212e+00 9.980639282444940807e-01 9.900573437749601302e-01 9.826270174022343484e-01 9.791457608459974704e-01 9.792434428221522547e-01 9.812313911616232787e-01 9.836708419812680848e-01 9.865040476001659675e-01 9.907909931889905542e-01 9.940844881184477400e-01 9.962061713868994861e-01 9.967336829751458627e-01 9.973024128472260941e-01 9.975864438802248824e-01 9.979371455450150030e-01
