1.000000000000000000e+00 1.001092989114513054e+00 1.000394550119483306e+00 1.000785752693655439e+00 9.995712411698658428e-01 9.984284800430001106e-01 9.985715813953197628e-01 9.991787529060477402e-01 1.004324411695303620e+00 1.016369471954246873e+00 1.027398979400804047e+00 1.034896818559828180e+00 1.038126393407691417e+00 1.037475142266372163e+00 1.031929721954619961e+00 1.024497031017840731e+00 1.016188604363179815e+00 1.009693651669202774e+00 1.006043679242798028e+00 1.004744380404153148e+00 1.003595801776923091e+00 1.002029975278929896e+00 1.002019503282141288e+00 1.002082239299121103e+00
9.999999999999998890e-01 1.000596576908036717e+00 1.000488779851370413e+00 1.001003375957460362e+00 1.001028504035321953e+00 1.001030222616587695e+00 1.001327846682824596e+00 1.001214375848577198e+00 9.964907241558663697e-01 9.893207983771401537e-01 9.864179411566125211e-01 9.855159728806783814e-01 9.864103898376137547e-01 9.886869612586713929e-01 9.901817103716794577e-01 9.936046163353411398e-01 9.953006850740796496e-01 9.960997224331999966e-01 9.963852537181742131e-01 9.968416276473147652e-01 9.965134948315167440e-01 9.974810292388143207e-01 9.976233308576306635e-01 9.976476465636534563e-01
1.000000000000000000e+00 1.000119907122079210e+00 1.000071821998520516e+00 9.998652960736219564e-01 9.992756844776786718e-01 9.992035221417152613e-01 9.988930734013821144e-01 9.970256167535883618e-01 9.883668408070490630e-01 9.817833752339206743e-01 9.817895237242274531e-01 9.828200342849346960e-01 9.861266364335046219e-01 9.902002949345942717e-01 9.945474096210977777e-01 9.981583103990818717e-01 1.001142931087637855e+00 1.002446057516387379e+00 1.001312083672785125e+00 1.000960609538753099e+00 1.000787835608877741e+00 1.000631672547425577e+00 1.001131339172877333e+00 1.001524333080147766e+00
9.999999999999998890e-01 9.996844947346528176e-01 9.994881552936796254e-01 9.998859811462861291e-01 9.987154532792905659e-01 9.983533627429145296e-01 9.978983139065793484e-01 9.970360447758758182e-01 9.947170111697649642e-01 9.900782398862902900e-01 9.844558822280099486e-01 9.844106134151282550e-01 9.861507489586130992e-01 9.881019431605642112e-01 9.908320499279210658e-01 9.934109995302630169e-01 9.961406485189588933e-01 9.967285726855024119e-01 9.965445895021275424e-01 9.962613576092985701e-01 9.964734759603443015e-01 9.965782389009728570e-01 9.967382884944470112e-01 9.964280956383354537e-01
9.999999999999998890e-01 9.993037258618120422e-01 9.997389735755125573e-01 9.994640171344432167e-01 9.997666962410421965e-01 1.000010393994063218e+00 9.992066012871120284e-01 9.982182855245007591e-01 9.913624253427836264e-01 9.889100057650268560e-01 9.918314620135695314e-01 9.921480316652048215e-01 9.933837446355260337e-01 9.969254895998387322e-01 1.000071066597764124e+00 1.001821097286626383e+00 1.002063031048624486e+00 1.001804204808034671e+00 1.000819593592810142e+00 1.000445276331638711e+00 1.000130019319746655e+00 1.000078141559501033e+00 9.994231537176251345e-01 9.988773314889176635e-01
1.000000000000000000e+00 1.000467374607945992e+00 1.001306056130588207e+00 1.001624269261702116e+00 1.001212581099363286e+00 1.001104725756178704e+00 1.000979999256644382e+00 1.002894179013337439e+00 1.007791720691844084e+00 1.009444863508224932e+00 1.010783104035569258e+00 1.011412158849813503e+00 1.011851895904115395e+00 1.011355946450922083e+00 1.009856183750706959e+00 1.008623372403225193e+00 1.005764825991023459e+00 1.002316270399078446e+00 9.995876694332554990e-01 9.985874868314978947e-01 9.980524982903248299e-01 9.983796623055396502e-01 9.984986929842450953e-01 9.993225118634171400e-01
1.000000000000000000e+00 1.000252039059337683e+00 1.000292111814871765e+00 1.000160719572334544e+00 9.999235541684456940e-01 1.000265345376216697e+00 9.999620256673351637e-01 9.956932910162287209e-01 9.906036789344925264e-01 9.900680840554464401e-01 9.934949394485976804e-01 9.952555084557295206e-01 9.971339396154312862e-01 9.999478284440858067e-01 1.001271437780013152e+00 1.002837860431750938e+00 1.004345718233190299e+00 1.005084348812972372e+00 1.004824609022839432e+00 1.004851657306071733e+00 1.004349170400758329e+00 1.004009929666688894e+00 1.003947617706372863e+00 1.004124065593234638e+00
1.000000000000000000e+00 9.997337864396363960e-01 1.000173231647326633e+00 1.000801058785767639e+00 1.000430713947840777e+00 1.000765507769081575e+00 1.000776780683200640e+00 9.993099173221687836e-01 9.896182553210509658e-01 9.841444714311665676e-01 9.840180517565546570e-01 9.850275879733414452e-01 9.869639442392578177e-01 9.902782295046331784e-01 9.952951690233979853e-01 9.984930508761619139e-01 9.993102286402539836e-01 1.001207411255180979e+00 1.001246018173130192e+00 1.001945024577863164e+00 1.002371318022722502e+00 1.002879519483763193e+00 1.003003271887188186e+00 1.003432162806277006e+00
1.000000000000000000e+00 9.991906074651619729e-01 9.982487756060463013e-01 9.981509422527324871e-01 9.980899759380419400e-01 9.977252791521518116e-01 9.972062413630646827e-01 9.967741260093332389e-01 9.893951799150795257e-01 9.840518349361905281e-01 9.813059198162052965e-01 9.779406181232185302e-01 9.769538540156419426e-01 9.790738612216663972e-01 9.849468333594092462e-01 9.909300810764523071e-01 9.948270781022052756e-01 9.971628082681885941e-01 9.980574813817014723e-01 9.984638217830763551e-01 9.986696202485731977e-01 9.981895061942299696e-01 9.987164153117954468e-01 9.985038347839114703e-01
1.000000000000000000e+00 9.995184474779582606e-01 9.998971485306390461e-01 1.000078143390986884e+00 1.000663023871072088e+00 1.000808724449437248e+00 1.001805095407589219e+00 1.002979673563026308e+00 1.001270176832175007e+00 9.948201096377964348e-01 9.889477501998243936e-01 9.848023593332453363e-01 9.833273437522531690e-01 9.836813670417989819e-01 9.849895503823047349e-01 9.874092184673243233e-01 9.908700938276548964e-01 9.932665284228237024e-01 9.948596506250365623e-01 9.957264744549747526e-01 9.965180880250471551e-01 9.968046388802136448e-01 9.966196278682818432e-01 9.967927466069701481e-01
1.000000000000000000e+00 9.999016429596280231e-01 1.000082197005476292e+00 1.000707259646841152e+00 1.000943250714604105e+00 1.000997336222229750e+00 1.000371889652668989e+00 1.000249691545826991e+00 9.983961750227295928e-01 9.944893451667010664e-01 9.892866330735828884e-01 9.860470866258888023e-01 9.853338409882396176e-01 9.853416622259369984e-01 9.867999166750239803e-01 9.883530104365069180e-01 9.901421739293468915e-01 9.921093917547677554e-01 9.936249918239307144e-01 9.945670696678278189e-01 9.953097219424024145e-01 9.954884910381603946e-01 9.954239479135986723e-01 9.959064001417371470e-01
1.000000000000000000e+00 1.000130977730782300e+00 1.000070773055711681e+00 9.999688374495029342e-01 9.999832156235766156e-01 1.001119524485210688e+00 1.000703589435749885e+00 9.999926942599886015e-01 9.962485288652838111e-01 9.946143473498342269e-01 9.985330476180281911e-01 1.001603346473026290e+00 1.002521170701424547e+00 1.001797005989755407e+00 1.000633114715435479e+00 1.000378691743470272e+00 1.002038911075570748e+00 1.002646899895632160e+00 1.002507045748959102e+00 1.001721248398708353e+00 1.002082865007696721e+00 1.001577640849023565e+00 1.002034867417348263e+00 1.002217688912749871e+00
1.000000000000000000e+00 1.000117779651042760e+00 1.000515426124504614e+00 1.000452748403410919e+00 9.995518422985745222e-01 9.995308003287668441e-01 9.996028540760535375e-01 9.986928471200841040e-01 9.999401337151609948e-01 9.998960215953555108e-01 9.991220138933657458e-01 9.979426768260749592e-01 9.980973138952675683e-01 9.983033219089157972e-01 9.983621890833064283e-01 9.977182620431667148e-01 9.959126001459893684e-01 9.965938957237978624e-01 9.973328851829790231e-01 9.979730913319285746e-01 9.983301533261602634e-01 9.978770972740002021e-01 9.974567726203575901e-01 9.975653396025637720e-01
1.000000000000000000e+00 9.999734072043761079e-01 1.000181997480203089e+00 9.989723621898086714e-01 9.993817090365514355e-01 9.995683563073464173e-01 9.999622057647785667e-01 9.995792142556094717e-01 9.957176114425689839e-01 9.944273999214049420e-01 1.003313317502802171e+00 1.009444949362658495e+00 1.011346168656818589e+00 1.011229229884795355e+00 1.010012704421459961e+00 1.006176086485747412e+00 1.002186726035749986e+00 1.000534808174342594e+00 9.982310460940239105e-01 9.966231040845646705e-01 9.961631259389632786e-01 9.963779281591451653e-01 9.975034436730476628e-01 9.985727526782675056e-01
1.000000000000000000e+00 1.000215551018885929e+00 9.999278962990792996e-01 9.997428481534502698e-01 9.991663746129629819e-01 9.995232791532172589e-01 9.998681306411478786e-01 9.998880638240650320e-01 9.989536358508078751e-01 9.958849038945806198e-01 9.887171451009284517e-01 9.849476862760715434e-01 9.844071637307238998e-01 9.865990221650706715e-01 9.894001554303604173e-01 9.923664858449803283e-01 9.951659138407582539e-01 9.972653389874641672e-01 9.992025735531281372e-01 9.997041085509303926e-01 9.997105952233870108e-01 1.000110754084541087e+00 9.996121252422027759e-01 9.998146438100878886e-01
