1.000000000000000000e+00 1.000047820698541479e+00 9.992928732497439182e-01 9.984336228929387991e-01 9.987163958955431742e-01 9.979213005937473957e-01 9.973048108191724381e-01 9.983559285352130441e-01 9.977087900416319322e-01 1.006952913319621556e+00 1.021236131957990789e+00 1.032085360785598649e+00 1.038292035102624800e+00 1.040007529806347586e+00 1.036063312084413601e+00 1.029133788970542085e+00 1.022233947750996075e+00 1.013934175546695293e+00 1.008627826412179074e+00 1.006673515810039721e+00 1.004080965405916626e+00 1.003728439809979278e+00 1.003165418687467003e+00 1.002100453385190271e+00
1.000000000000000000e+00 1.000235596225667045e+00 1.000468212009159252e+00 1.000117465684674967e+00 1.000649900203810283e+00 9.998741422675523349e-01 1.000142083283932060e+00 9.997578575962401404e-01 9.983685128742205706e-01 9.891482233012361958e-01 9.838285590198259101e-01 9.821643587832596944e-01 9.828382657626860697e-01 9.843471092422784174e-01 9.863570236884298126e-01 9.896285039375014581e-01 9.925370299881505209e-01 9.947049526392636176e-01 9.950814870342309382e-01 9.954075593456576110e-01 9.950895846086846852e-01 9.951093796937131586e-01 9.959785973838142237e-01 9.962150249782640854e-01
1.000000000000000000e+00 9.997526512075216587e-01 9.998311140880117298e-01 1.000076723244481158e+00 1.000343212449494423e+00 9.994154740107638046e-01 9.998737736609358828e-01 9.991677417723234811e-01 9.932952537877176580e-01 9.862906845898491426e-01 9.831566960949410516e-01 9.832598365818160380e-01 9.858420066278439364e-01 9.896983984051438421e-01 9.939905422660830769e-01 9.993043177776431696e-01 1.002888090139210098e+00 1.004942621038074302e+00 1.005439731443771745e+00 1.004345356652660559e+00 1.004486874863187662e+00 1.004265367462540359e+00 1.004013989525305295e+00 1.004220326020444531e+00
1.000000000000000000e+00 9.999671483026438823e-01 9.995295284717491402e-01 9.991340307902248918e-01 9.980500938206254835e-01 9.972627501355830759e-01 9.973257894032770965e-01 9.979275236429616669e-01 9.960805404754489167e-01 9.915099761926423616e-01 9.870258244877746501e-01 9.862458659545498829e-01 9.886649070205490997e-01 9.902743819140855663e-01 9.921043948458672102e-01 9.935023372039337719e-01 9.972955423103415651e-01 9.986863757944456355e-01 9.989257288852281258e-01 9.983426496321166077e-01 9.980937835901044775e-01 9.974051815279465494e-01 9.973245203936695891e-01 9.963014777162533253e-01
1.000000000000000000e+00 1.000009134262424215e+00 1.000179422306508803e+00 1.000275124719008923e+00 9.998698340077387670e-01 9.994571059572701088e-01 9.991497010679326607e-01 9.995677027329641362e-01 9.959622878670969515e-01 9.910353468048049841e-01 9.934220936525379742e-01 9.942135959851846616e-01 9.944811715849181111e-01 9.971843857826128144e-01 1.001277076733025018e+00 1.002935384523658158e+00 1.003320325873005014e+00 1.003303022985752690e+00 1.002614018522605788e+00 1.001812328580968581e+00 1.001286097559300314e+00 1.001048513499962045e+00 1.000934536348023984e+00 1.000728149216266960e+00
1.000000000000000000e+00 1.001048569151254064e+00 1.001196912384131332e+00 1.001637235096818790e+00 1.001683358636800580e+00 1.000937647030824662e+00 1.000942283622586970e+00 1.001913962336338226e+00 1.007824394821270841e+00 1.010206253728695325e+00 1.013696179062914426e+00 1.015042869229512146e+00 1.015362348611781540e+00 1.015272136879191267e+00 1.014333962840252790e+00 1.013373471712221585e+00 1.009846080978395344e+00 1.006290180299445280e+00 1.003966222924340679e+00 1.001971392969902341e+00 1.000037698450505497e+00 1.000174886640608829e+00 9.993900984073278426e-01 9.999117291805998953e-01
1.000000000000000000e+00 9.998920087905224241e-01 1.000114287828551385e+00 1.000003563811620255e+00 1.000201151702305502e+00 9.995319999393000865e-01 9.999364428961416973e-01 9.970493673183596917e-01 9.906836789724933201e-01 9.893967512547922061e-01 9.935262312996708811e-01 9.973088832200573961e-01 9.990543328933326750e-01 1.001013946712711933e+00 1.002691273966263452e+00 1.002784422843082224e+00 1.003224171404989651e+00 1.003566859302436498e+00 1.004528053883057881e+00 1.004713941136647692e+00 1.004391691972547962e+00 1.003968134517731148e+00 1.004417127864697168e+00 1.003893905684467347e+00
1.000000000000000000e+00 1.000549302158892706e+00 1.000125399551722971e+00 1.000058475805359670e+00 9.999845567043592620e-01 9.997661749286571586e-01 9.999513267216340040e-01 1.000778781758898228e+00 9.946683548063803837e-01 9.863233452192576856e-01 9.823589555792594519e-01 9.829590812808439715e-01 9.842734906585564048e-01 9.869954180817164247e-01 9.917000734814253038e-01 9.959940367279122020e-01 9.974745286242766573e-01 1.000323784823355933e+00 1.000568090421405376e+00 1.000748451143305573e+00 1.001030684141225535e+00 1.001425703254413824e+00 1.001587066284155503e+00 1.001943649904834865e+00
1.000000000000000000e+00 9.991065911966033886e-01 9.993279078384255110e-01 9.993883798306816280e-01 9.990931832594979189e-01 9.995124427770856190e-01 1.000593190342563998e+00 1.000407716983187312e+00 9.953526641278293008e-01 9.883467970989112672e-01 9.835529399504940873e-01 9.796800544843179415e-01 9.775558216311190929e-01 9.787452757317440799e-01 9.825603143373792259e-01 9.881333388321265065e-01 9.934811806252720201e-01 9.964310226343411347e-01 9.974815606976075166e-01 9.982260857137577048e-01 9.979992239079665817e-01 9.980448164219152263e-01 9.984751515795315946e-01 9.986734806847892276e-01
9.999999999999998890e-01 9.993715393018629545e-01 9.993595244121166177e-01 9.992975091982173597e-01 9.993149743455759237e-01 9.986810726793441395e-01 9.984472195232293457e-01 9.981741807510635667e-01 9.958343647500759177e-01 9.912759449353238939e-01 9.859464199568980236e-01 9.819924164557890522e-01 9.810928389530433336e-01 9.816243681169039004e-01 9.833561496331292284e-01 9.861979081509411049e-01 9.893324570289815378e-01 9.923985551861533860e-01 9.940578523064393934e-01 9.943966798081086411e-01 9.946242115460086630e-01 9.947191308989696834e-01 9.946281005167100231e-01 9.939092864127617721e-01
1.000000000000000000e+00 1.000631863462313698e+00 1.001758871176478660e+00 1.002010644519610416e+00 1.002013822269048671e+00 1.001550353418820150e+00 1.000869420138946531e+00 1.000703797020623620e+00 1.000691650855228376e+00 9.984300085573296624e-01 9.937938226047919876e-01 9.897043305024852966e-01 9.894556230721235357e-01 9.893689532568038514e-01 9.899665897740620446e-01 9.911529820158097026e-01 9.928341929565188684e-01 9.955242059050403158e-01 9.975666693077064329e-01 9.984623700277187597e-01 9.986097103385276341e-01 9.991441306923086740e-01 9.986321076591184731e-01 9.989629995335155277e-01
9.999999999999998890e-01 9.996098685620659063e-01 9.998481208460144876e-01 1.000129379752421555e+00 9.998933752840972744e-01 1.000454342297400157e+00 1.000663242805034825e+00 1.000811606382352892e+00 9.986703458523132904e-01 9.967758499667991323e-01 9.988316678475948063e-01 1.002884863023432382e+00 1.005294745213269225e+00 1.004141395110164092e+00 1.003063829786869032e+00 1.001650290027538581e+00 1.002496805569192517e+00 1.003539247639235965e+00 1.003965777872886100e+00 1.002683430392568686e+00 1.002030096316694818e+00 1.002553801197647587e+00 1.002149662695534849e+00 1.002377878117601151e+00
9.999999999999998890e-01 1.000358361472041047e+00 1.000926438514346817e+00 1.001034168652491951e+00 1.000558316621348753e+00 9.998543262713345259e-01 9.994866368165190584e-01 9.989766394016702522e-01 9.981066652585052212e-01 9.991883501764852182e-01 9.969654765506849037e-01 9.957333726947469321e-01 9.954589622485667810e-01 9.958999090763743789e-01 9.966292805146260703e-01 9.965761976356277696e-01 9.949532451513707354e-01 9.939806733210458933e-01 9.937620353941295503e-01 9.948457662501126730e-01 9.951217923730539816e-01 9.945936479977832700e-01 9.947340161466654562e-01 9.944144585741337972e-01
1.000000000000000000e+00 1.000541222733685620e+00 1.000426983776865564e+00 9.998729539181775428e-01 9.995654897082333346e-01 9.999306204961216915e-01 9.999120149275917413e-01 1.000287214707488159e+00 9.990747233151241469e-01 9.937087948161283935e-01 9.964073996615969708e-01 1.004993737084019845e+00 1.009499748885518189e+00 1.010665932918221932e+00 1.009341977148007219e+00 1.005468174939710080e+00 1.000370467452846412e+00 9.971551164459314665e-01 9.962194092298369830e-01 9.958511827465890143e-01 9.960871591251329038e-01 9.960882374864654665e-01 9.966339182188541646e-01 9.966622954751183094e-01
1.000000000000000000e+00 1.000115733869948231e+00 9.998646202856006360e-01 9.997888306603528452e-01 1.000584921908732827e+00 1.000788277673166471e+00 1.001066754131923586e+00 1.001325957821632029e+00 1.000441006429174884e+00 9.980375528065421609e-01 9.917671495871206444e-01 9.855121178663303061e-01 9.831246549820814584e-01 9.834854496554580328e-01 9.862274701953677170e-01 9.888368298109712073e-01 9.920895220112073698e-01 9.958071766707915495e-01 9.979975524457208591e-01 9.996875120032910900e-01 1.000235840217886585e+00 1.000702332922465798e+00 1.000361550311168024e+00 1.000832024142754850e+00
