1.000000000000000000e+00 1.000963042335455411e+00 1.000325113806793009e+00 1.000765323356392900e+00 1.000556650509495604e+00 9.999742160528621859e-01 9.999616290969696175e-01 1.000041915543492976e+00 9.992070097558064523e-01 9.943376733344859719e-01 9.935629700909704987e-01 9.927940436648228228e-01 9.935026875730842422e-01 9.936339854770266378e-01 9.969217418393785390e-01 9.997684735537017975e-01 1.000315533939838852e+00 9.999859139713429546e-01 9.999289027503809324e-01 9.980902130214900358e-01 9.981332889516286722e-01 9.981914876060166142e-01 9.975698285410472543e-01 9.984294394921775506e-01
1.000000000000000000e+00 9.997931314625668753e-01 9.998290390388566706e-01 9.995156763488478591e-01 9.992571075385353607e-01 9.994209288053915730e-01 9.992909012126638402e-01 9.998673149770479496e-01 1.006783299768826856e+00 1.015204856132766231e+00 1.017896218389577667e+00 1.017606201459175796e+00 1.016225719333867294e+00 1.014225962595936004e+00 1.011241761008458084e+00 1.007612795515434811e+00 1.004033301303806525e+00 1.002728714144494715e+00 1.001497465375483786e+00 1.001233093688888465e+00 1.000035545184921659e+00 9.996880135744180551e-01 9.995228892521812458e-01 9.987937100891367548e-01
1.000000000000000000e+00 9.997245938839413038e-01 9.994973289260988825e-01 9.993202422146576502e-01 9.994183933487225113e-01 9.993591611713250611e-01 9.989880714135714879e-01 9.993929085629809084e-01 1.007742947056380789e+00 1.016461669148118085e+00 1.021291688040013357e+00 1.021301454062905956e+00 1.021157268249857752e+00 1.019161436702605616e+00 1.015271021616360070e+00 1.010137096060901518e+00 1.004892969995017760e+00 1.002195324527068720e+00 9.998963223874144379e-01 9.992264101111872909e-01 9.989991956428599940e-01 9.988519239867783561e-01 9.995376156260116218e-01 9.991059195782872049e-01
1.000000000000000000e+00 9.998202349007080381e-01 9.996343157925242640e-01 9.995952951886596383e-01 9.995139694689704202e-01 9.997798113494431593e-01 9.996007555813805068e-01 1.001102384491300734e+00 1.005238391698147771e+00 1.007502957392381493e+00 1.008165545613360248e+00 1.008596056114398065e+00 1.007293481377948829e+00 1.006282086900700978e+00 1.005159543436539904e+00 1.003296436516821100e+00 1.002009649491614862e+00 1.001333690997827208e+00 1.000611931383803110e+00 1.000436780819508709e+00 1.000054666618201527e+00 1.000151693566011302e+00 9.997519282015576714e-01 9.995518722083660546e-01
1.000000000000000000e+00 1.000174226109679321e+00 1.000236117779441214e+00 1.000637615604310415e+00 1.000988003969428553e+00 1.001230057389057126e+00 1.001392360613152510e+00 1.001873384529946343e+00 1.001877962353444618e+00 1.000391185350763212e+00 1.001164176067210088e+00 1.002744002487661934e+00 1.003437829946341564e+00 1.002996061147804152e+00 1.002028032638588417e+00 1.003454239170749274e+00 1.003720885775158722e+00 1.001927932252963505e+00 1.001467333741457244e+00 1.001254402409505140e+00 1.001008523953684115e+00 1.000996852026151851e+00 1.000962639460776460e+00 1.000995147199980950e+00
1.000000000000000000e+00 9.999619299684687768e-01 9.999144016614791575e-01 9.994688898435309943e-01 9.993564861697044055e-01 9.993756422657804617e-01 1.000164040109694508e+00 1.001016151793325815e+00 9.995046879095754733e-01 9.989660851202778469e-01 1.004986860393545234e+00 1.010906980861429494e+00 1.013832806181742097e+00 1.013284383575158376e+00 1.013648813727492382e+00 1.012002653876819647e+00 1.010280673854053735e+00 1.007799413725669391e+00 1.004980255836672498e+00 1.003758192242830694e+00 1.002084730473434826e+00 1.001143545056161877e+00 1.001468582676539487e+00 1.001027292438713578e+00
1.000000000000000000e+00 9.999011962494748218e-01 9.992579101206229275e-01 9.991002480430489774e-01 9.987261288216294775e-01 9.984443151598950683e-01 9.992332782977099148e-01 1.002864099015715382e+00 1.010120996871511911e+00 1.013181315406005867e+00 1.015435660840113608e+00 1.016315278254682264e+00 1.017461660279675550e+00 1.016600399199560911e+00 1.015252063485683420e+00 1.012130256618855029e+00 1.010485692103840316e+00 1.007540974168567915e+00 1.005570983120928297e+00 1.004012166871668388e+00 1.003714641945535613e+00 1.003137350412970807e+00 1.003414700800363546e+00 1.004454913230607982e+00
1.000000000000000000e+00 9.994638138777525160e-01 9.992278575764556026e-01 9.989760872600608188e-01 9.990702488276443916e-01 9.985284148327648879e-01 9.991632398855894159e-01 1.000322339704098562e+00 1.009294970041824335e+00 1.017784035536620557e+00 1.024927325525038180e+00 1.028292245076311229e+00 1.029582964674130352e+00 1.028194253083851484e+00 1.024541511686048123e+00 1.017716887793620240e+00 1.011772115291602603e+00 1.006538505876477529e+00 1.003860589978175399e+00 1.002382632984221145e+00 1.000568073875443220e+00 9.996192710106910351e-01 9.993000884217271285e-01 9.995635847887307524e-01
9.999999999999998890e-01 9.996823494116759967e-01 9.991185726503405418e-01 9.994494413465061511e-01 9.998004235573952903e-01 1.000230816545680801e+00 1.001208105016882843e+00 1.002075960126772802e+00 1.012343335375436082e+00 1.025171758927579724e+00 1.037546182391269500e+00 1.044284138702691767e+00 1.046294343916090330e+00 1.045230721715895150e+00 1.039539361081800450e+00 1.030445317821498508e+00 1.019754521378701595e+00 1.012241244185602351e+00 1.007104587423202080e+00 1.004164672886488141e+00 1.002598658227725315e+00 1.001678896179082789e+00 1.001279069750681261e+00 1.001075097107786860e+00
1.000000000000000000e+00 1.000024537200942198e+00 9.993067247616775894e-01 9.989685078788599348e-01 9.984801800790551463e-01 9.984719540293748308e-01 9.996485333206883706e-01 9.998295194855273404e-01 1.001441002401986413e+00 1.013119240486263228e+00 1.028918770880920652e+00 1.040557065695487449e+00 1.045729237640180997e+00 1.046926397905328043e+00 1.044578437364027002e+00 1.035107081242192528e+00 1.024542242826422367e+00 1.014248955394483120e+00 1.006136586617659479e+00 1.002542765220382437e+00 1.001004649667235125e+00 1.000099508939956028e+00 9.994345370109778415e-01 9.997276924758199401e-01
1.000000000000000000e+00 9.991559330994949084e-01 9.995653651283548102e-01 9.995670060482358954e-01 9.997392146127451751e-01 9.996053955965470417e-01 9.994048038208710460e-01 9.995574811830959527e-01 1.000335268483068418e+00 1.001892239788787053e+00 1.003228362217862157e+00 1.006260114023820096e+00 1.006102348179633843e+00 1.004942276997711659e+00 1.003173386256273059e+00 1.001534929160101450e+00 1.000958162372492355e+00 1.000142096646988943e+00 9.985095346849399700e-01 9.975334148046729466e-01 9.971970672327183927e-01 9.969709019301041808e-01 9.964161647239473396e-01 9.957919672883817075e-01
1.000000000000000000e+00 9.997124622556294860e-01 9.999279811649528504e-01 1.000313175369397678e+00 9.999548682880167183e-01 1.000021996251358347e+00 9.994007312584328728e-01 9.998765530444648775e-01 1.001472732512330710e+00 1.004558334284883392e+00 1.009696994601075648e+00 1.014877182709639891e+00 1.018044093435999331e+00 1.019429246890330987e+00 1.019659718048387953e+00 1.017445293573990162e+00 1.013185631459290859e+00 1.008971450099199973e+00 1.005100423839845103e+00 1.003529166311880383e+00 1.002712810233971297e+00 1.001673973970477638e+00 1.001638415522096537e+00 1.001186493846628167e+00
1.000000000000000000e+00 1.000267525137281455e+00 1.000323431811544150e+00 1.000100922329026698e+00 1.000537246239983746e+00 1.000608671063291544e+00 1.001081227192978984e+00 1.001361950833429271e+00 1.002012767811088390e+00 1.002479091610628092e+00 1.003010696237386146e+00 1.004489442278541977e+00 1.003084950410435994e+00 1.002215946984460482e+00 1.000847995647407895e+00 1.001876674510282506e+00 1.001240093221469118e+00 1.000694691536068603e+00 9.998668993403068139e-01 9.997293556294440942e-01 1.000044253668978422e+00 9.997465092195367831e-01 9.992104616427930353e-01 9.994619663749770844e-01
9.999999999999998890e-01 1.000133854177230885e+00 1.000135059985612251e+00 9.999621041746610262e-01 9.999896240214423138e-01 1.000378119964614676e+00 1.000255181839801777e+00 1.000143486740307841e+00 1.002200983202515605e+00 1.005721757016514228e+00 1.007410470813525194e+00 1.006957775381654319e+00 1.004997368315850625e+00 1.003200111536872274e+00 1.003273882616084078e+00 1.004488049201418987e+00 1.004910974408104396e+00 1.003440448647540340e+00 1.002405463693203602e+00 1.001363298388346257e+00 1.000531763999853219e+00 1.000131997233804304e+00 1.000297101387164433e+00 9.995032176943585700e-01
1.000000000000000000e+00 1.000017755332599290e+00 1.000156493416173742e+00 1.000293590654081965e+00 1.000476027054170158e+00 1.000271939332961768e+00 1.000101250944690046e+00 1.000177204326179181e+00 9.999496847576582192e-01 1.001922618396762221e+00 1.004882639531517574e+00 1.006463863865890707e+00 1.006110868612060338e+00 1.004683219087395551e+00 1.003197877513460456e+00 1.001274687011302511e+00 1.000263871311415365e+00 9.997344092423524620e-01 1.000241592879352659e+00 1.000852269824340057e+00 1.000890954881329620e+00 1.000487224924183183e+00 1.000523590053063350e+00 1.000369039948364680e+00
