1.000000000000000000e+00 9.997099769571206052e-01 9.997424996653987428e-01 9.998423283112953808e-01 9.990251268689844810e-01 9.992563218126282454e-01 9.993107773720267817e-01 9.982577333028643807e-01 9.975383104020535407e-01 9.930595515593676481e-01 9.925313877332997414e-01 9.916066738518179990e-01 9.935286476560967195e-01 9.944257299471025435e-01 9.958469162721594881e-01 9.985967274829351537e-01 9.988979181887619463e-01 9.988164230512877051e-01 9.988305895465633411e-01 9.982864891568252741e-01 9.977622531565255581e-01 9.973975096362431847e-01 9.974974087094187203e-01 9.975770336382649983e-01
9.999999999999998890e-01 9.999381001144163061e-01 9.998920969860095598e-01 1.000132237644658639e+00 9.997894750790961016e-01 9.996769631382300680e-01 9.992161792021734268e-01 1.000109344342134943e+00 1.007785726069411636e+00 1.015162959089888073e+00 1.018495674209166646e+00 1.018309471353284090e+00 1.016767704425375340e+00 1.015006436900246722e+00 1.011080480218799815e+00 1.007179327377816014e+00 1.003738821026904260e+00 1.002710254792691158e+00 1.002103048792232665e+00 1.001707931398474916e+00 1.001304397681026526e+00 1.000469218624090217e+00 1.000146839743552007e+00 1.000300004347260519e+00
1.000000000000000000e+00 1.000000601470031558e+00 9.996266472806635273e-01 9.995304886454564608e-01 9.995608670398818951e-01 9.996676221759230874e-01 9.997710907410324310e-01 1.000321619818004937e+00 1.009672932510015331e+00 1.015834944840233733e+00 1.017774693803962460e+00 1.017423273571183451e+00 1.017331240611922816e+00 1.015045848382160720e+00 1.010869591256929656e+00 1.006173407482620075e+00 1.001983912530182819e+00 9.999966068518095774e-01 9.976408090286955632e-01 9.971651904298096669e-01 9.972691870247506474e-01 9.967343367916848829e-01 9.967094914845588960e-01 9.963045683875273451e-01
9.999999999999998890e-01 1.000153161068250141e+00 1.000216360578080721e+00 1.000199471717950095e+00 1.000682262960303603e+00 1.000740218330602005e+00 1.000553395398698253e+00 1.002140214658920003e+00 1.004723274833466240e+00 1.005987903951567120e+00 1.007644448715646179e+00 1.008665523497557226e+00 1.008932489223808515e+00 1.007672544448463325e+00 1.006385870043618569e+00 1.004185658488462307e+00 1.002243465102875097e+00 1.000831027321514410e+00 9.999468132258388930e-01 9.996690291661861627e-01 9.996407701637979315e-01 9.992092763589331961e-01 9.994354829532262618e-01 9.993572638471043268e-01
1.000000000000000000e+00 9.997073270025550462e-01 9.997199720093106201e-01 9.998520460115589703e-01 9.991848420362225980e-01 9.992953260763488554e-01 9.997756530099104477e-01 1.000560155178522370e+00 1.001372476899946573e+00 1.000356504777830224e+00 1.001063392768607008e+00 1.001485306674928744e+00 1.002146974691436654e+00 1.001867600729440033e+00 1.001597816137843600e+00 1.002457343327317840e+00 1.001710690896744804e+00 1.000685995342691204e+00 1.000525318482794468e+00 1.000425922499426967e+00 1.000542731661171691e+00 1.000528621053663247e+00 1.000687857989674745e+00 1.000454105808035621e+00
1.000000000000000000e+00 9.996637305716714605e-01 9.994123450941206910e-01 9.996433946758114253e-01 9.998568021822906715e-01 9.997455987372338981e-01 9.999873712433322570e-01 1.001092080860751965e+00 9.979594425622281273e-01 9.975772997970336897e-01 1.002554118573891984e+00 1.008379531848699884e+00 1.010404227387629694e+00 1.010606714833991449e+00 1.009969500430595746e+00 1.010025339948453338e+00 1.007303696313931018e+00 1.004816572579712686e+00 1.002264930385808661e+00 1.000725466217621928e+00 1.000168109682233242e+00 1.000437411560211931e+00 9.995680862017980450e-01 9.987100147157714769e-01
1.000000000000000000e+00 1.000555405475810344e+00 1.001021376785563133e+00 1.000503417022737151e+00 9.999943554749258778e-01 1.000724146179972074e+00 1.000913700196213618e+00 1.005547878018457020e+00 1.012430808869348553e+00 1.013521750814991185e+00 1.012736893765055823e+00 1.014862928763094585e+00 1.016642499815179290e+00 1.016339711449482541e+00 1.014298704089591663e+00 1.012155253078288464e+00 1.009319484473789830e+00 1.006563608059416692e+00 1.003706272592714832e+00 1.001278704111553175e+00 1.000070969845725521e+00 1.000640239731413805e+00 1.000456704371611716e+00 1.000452707982447897e+00
1.000000000000000000e+00 1.000310585763858784e+00 1.000196932764781943e+00 1.000194436553907051e+00 1.000612619637338163e+00 1.000301977820709176e+00 1.000017019143262242e+00 1.003578956126712551e+00 1.015051055331378294e+00 1.022056215329036677e+00 1.027700640248905950e+00 1.030418075203692663e+00 1.031575411264046505e+00 1.029607488103165380e+00 1.024850183909571610e+00 1.017238772180806938e+00 1.010111514676474309e+00 1.006384251338821922e+00 1.002631957837765153e+00 1.001055643163157205e+00 9.995302093289218925e-01 9.996332982511285659e-01 9.991646092025643355e-01 9.989634537397453773e-01
9.999999999999998890e-01 1.000004696043576002e+00 9.997510167809924297e-01 9.993190072811707347e-01 9.999247593468766349e-01 9.998446994115987030e-01 9.999491651368570544e-01 1.001718447377180299e+00 1.012175397472983462e+00 1.025024883500413875e+00 1.037819572937287438e+00 1.045455488910011166e+00 1.047391596965674410e+00 1.045113584372433735e+00 1.038996131734144290e+00 1.029011046476542068e+00 1.018070986087444396e+00 1.010263242766619607e+00 1.004493626933484318e+00 1.002625283305951465e+00 1.000972951581554415e+00 1.000511765601450831e+00 1.000133134083802444e+00 9.999390199395262746e-01
1.000000000000000000e+00 9.998811950520074543e-01 9.992974368992875167e-01 9.985168638053929513e-01 9.984409524573881756e-01 9.983402400778864649e-01 9.980707020454088196e-01 9.980056116539491873e-01 1.000404097848236029e+00 1.013693924124898782e+00 1.028396584759912580e+00 1.038930662398326543e+00 1.043925061455641234e+00 1.044920405436242650e+00 1.040993676144254643e+00 1.031921467442360019e+00 1.022415908931984863e+00 1.012437768221578605e+00 1.004591451105603550e+00 1.000407252862802743e+00 9.985358158458560451e-01 9.976014657871945523e-01 9.965447686252423276e-01 9.961058407087668432e-01
9.999999999999998890e-01 9.996984324083824092e-01 9.994363007122678555e-01 9.996398567571874727e-01 9.992727594743161523e-01 9.993945649274761367e-01 9.994819930619788240e-01 1.000150299032955825e+00 1.000975428489933705e+00 1.002048668185651081e+00 1.004122375733359940e+00 1.007666676844751308e+00 1.008411490587169723e+00 1.006875149999313601e+00 1.004975728074463337e+00 1.003815354383676528e+00 1.003102805424897159e+00 1.001812642648098883e+00 1.001406811308450440e+00 1.000354419567680564e+00 9.993422458116875129e-01 9.986007404111220120e-01 9.980817162135382503e-01 9.980549932623896670e-01
9.999999999999998890e-01 9.995834806722529997e-01 9.995066023791500109e-01 9.993612391418478236e-01 9.989191858922157330e-01 9.991206136736147103e-01 9.984987938359526360e-01 9.986648294414611771e-01 1.000284702256415637e+00 1.003596546739281115e+00 1.007734758142431852e+00 1.012544720128098374e+00 1.015305980913772332e+00 1.016791063324159028e+00 1.016856272395010974e+00 1.014979511485178065e+00 1.010410550709336386e+00 1.007570442959418555e+00 1.004561156836301983e+00 1.002659507132041883e+00 1.001824303398069382e+00 1.001273690865898791e+00 1.001080385646249349e+00 1.000639308221989321e+00
1.000000000000000000e+00 1.000117560441772024e+00 1.000057989999278307e+00 9.998357800645504279e-01 9.993274574717404546e-01 9.996183675320343687e-01 9.996636999295804848e-01 9.993474322456991077e-01 9.997785928445769299e-01 1.000492702149274216e+00 1.001999350554519719e+00 1.003117659981088039e+00 1.002339357162225442e+00 1.001096298611828805e+00 1.000955579763931125e+00 1.000635753378560588e+00 1.000080098857234034e+00 9.984146282254459104e-01 9.975886422699716816e-01 9.975487819898473107e-01 9.980150574344256453e-01 9.979889152284464604e-01 9.976197600585012815e-01 9.978414013180019193e-01
1.000000000000000000e+00 9.993905490944722247e-01 9.993878983512849423e-01 9.988849184026474815e-01 9.985376737408396819e-01 9.986162945149565928e-01 9.983971332734120629e-01 9.987829417690264888e-01 1.000574546657605035e+00 1.003937153279588435e+00 1.005681842750974164e+00 1.005931270198465066e+00 1.004814494409907111e+00 1.004620001920843553e+00 1.005137109300422438e+00 1.005218435684907430e+00 1.004571421993339042e+00 1.002598155618226183e+00 1.001514833020024975e+00 1.000505123297281029e+00 1.000474062205651382e+00 1.000352998259703918e+00 9.993956812903558307e-01 9.991795451853069387e-01
1.000000000000000000e+00 9.999010959995041636e-01 9.999790905605983049e-01 1.000434544623256983e+00 1.000682176612868624e+00 1.001027408577714217e+00 1.000999574661333380e+00 1.001076171529515335e+00 1.000804390500143359e+00 1.002700127382712969e+00 1.005269065234696724e+00 1.006252650391939119e+00 1.005987980803813464e+00 1.004285885164845071e+00 1.002132744484074633e+00 9.995410711608377907e-01 9.975575116410928533e-01 9.969061301584570822e-01 9.982032360612903554e-01 9.985145126359051826e-01 9.987639297029539120e-01 9.985264638686905947e-01 9.986474005494571093e-01 9.984379265742946430e-01
