2.230000000000000000e+02 2.229916459990710678e+02 2.229947301352896432e+02 2.230005284751333932e+02 2.229935042218464218e+02 2.230065679782774453e+02 2.230129163788586197e+02 2.229897237638147942e+02 2.230191017709127266e+02 2.230670984779916068e+02 2.234886277361613907e+02 2.236100895579268411e+02 2.236243877876095780e+02 2.236316323629239662e+02 2.236391515964415078e+02 2.235767103986042343e+02 2.233821124565310470e+02 2.231757444056069062e+02 2.230648933968892891e+02 2.230268208573504296e+02 2.230168564959270157e+02 2.230069982016958932e+02 2.230180961794969505e+02 2.230290527343750000e+02
2.230000000000000000e+02 2.229944162174147095e+02 2.229948129459303345e+02 2.230004761364995147e+02 2.229964051538584044e+02 2.230082995356345634e+02 2.230288936070033401e+02 2.229676062136280166e+02 2.228751058773118530e+02 2.227607552664620414e+02 2.231751727668606406e+02 2.234116316814811967e+02 2.235391711799465781e+02 2.236741314323581094e+02 2.238281050701530717e+02 2.238393564029615845e+02 2.236376190185546875e+02 2.233890106823979522e+02 2.232084515629982491e+02 2.231464678705955009e+02 2.231136776671117730e+02 2.230933940653898162e+02 2.230929942228356140e+02 2.230921141955317353e+02
2.230000000000000000e+02 2.229888962965745236e+02 2.229799331273788141e+02 2.229761321238982248e+02 2.229518307416867060e+02 2.229496561686197822e+02 2.229548116830679021e+02 2.228829646966396183e+02 2.226441411727514037e+02 2.223801253881210016e+02 2.228349879338191215e+02 2.231782594338441470e+02 2.233806445782001333e+02 2.235784790821564627e+02 2.238147090031550590e+02 2.238947311792618109e+02 2.236997715876652535e+02 2.234189054048978278e+02 2.231994804969200743e+02 2.231114869729066470e+02 2.230658592810997618e+02 2.230403207632211604e+02 2.230381493201622618e+02 2.230405860314002382e+02
2.230000000000000000e+02 2.229958392204122219e+02 2.229963927573346041e+02 2.229950094020113056e+02 2.229650921111411321e+02 2.229618991283660137e+02 2.229640655517578125e+02 2.229010775951628887e+02 2.225587141970370624e+02 2.220296783447265625e+02 2.222865620065242638e+02 2.225655108512715969e+02 2.227705720942071252e+02 2.230113996140500205e+02 2.233201112138464168e+02 2.235407023328415903e+02 2.235125703202917293e+02 2.233363553310962573e+02 2.231741953099027569e+02 2.231055090072307223e+02 2.230716754020528469e+02 2.230575353744182223e+02 2.230549884552651179e+02 2.230678931702958891e+02
2.230000000000000000e+02 2.229969186985746319e+02 2.229985497657288818e+02 2.230030400702293889e+02 2.229847304973196458e+02 2.229857573813580416e+02 2.229988120870387434e+02 2.229851311216962984e+02 2.227889225736577430e+02 2.222341844274642710e+02 2.222159177090259448e+02 2.222875395429895207e+02 2.223788146972656250e+02 2.225500027271027363e+02 2.228525494514627781e+02 2.231509087745179443e+02 2.232586854975274377e+02 2.232219056474401668e+02 2.231503685484541109e+02 2.231232533556349722e+02 2.231098438019448054e+02 2.231005680814702430e+02 2.231047275624376596e+02 2.231269966287815691e+02
2.630000000000000000e+02 2.629911197026570449e+02 2.629921652475993028e+02 2.629895547231038222e+02 2.629816761016845703e+02 2.629856764475504747e+02 2.630035683314005723e+02 2.629895528157551894e+02 2.630037056605021348e+02 2.630461095174153456e+02 2.634759044647216797e+02 2.636999699274699083e+02 2.637866525650024414e+02 2.638681656519572130e+02 2.639420328140258789e+02 2.638802076975504747e+02 2.636116081873576036e+02 2.633424736658732286e+02 2.631774965922037950e+02 2.630994173685709825e+02 2.630629180272420058e+02 2.630515324274699083e+02 2.630408083597819200e+02 2.630435202916463027e+02
2.630000000000000000e+02 2.629842770894368300e+02 2.629828745524088731e+02 2.629759511947631836e+02 2.629649410247802734e+02 2.629612795511881700e+02 2.629859425226847520e+02 2.629565798441569200e+02 2.630274283091227403e+02 2.631619939804077148e+02 2.637454420725504747e+02 2.640763508478800645e+02 2.642137597401936659e+02 2.643142077128092637e+02 2.643557173411051622e+02 2.642326040267944336e+02 2.638912029266357422e+02 2.635261087417602539e+02 2.632718340555827012e+02 2.631726668675740370e+02 2.631086413065592637e+02 2.630734980901082167e+02 2.630665477116902480e+02 2.630729659398396620e+02
2.630000000000000000e+02 2.629817994770251062e+02 2.629706175954718219e+02 2.629637692100123445e+02 2.629379882812500000e+02 2.629355308131167703e+02 2.629482152838456273e+02 2.629649597971063031e+02 2.630749925312243249e+02 2.631124123021176047e+02 2.637575109381425023e+02 2.641864423249897413e+02 2.643942911248457790e+02 2.645130434538188524e+02 2.645927738390470836e+02 2.644629119069952594e+02 2.640641664203844812e+02 2.636292491712068227e+02 2.633370778937089085e+02 2.632070071571751555e+02 2.631337191933079680e+02 2.630875902677836962e+02 2.630788666574578656e+02 2.630803507754677071e+02
2.630000000000000000e+02 2.629876046614213578e+02 2.629840531782670610e+02 2.629761331731622818e+02 2.629456329345703125e+02 2.629382896423339844e+02 2.629706448641690599e+02 2.629959449768066406e+02 2.629894686612215651e+02 2.628251793601295958e+02 2.633685833324085479e+02 2.637889692133123276e+02 2.640130715803666703e+02 2.641654160239479552e+02 2.642791758450594557e+02 2.642197289900346391e+02 2.639098278392444854e+02 2.635603065490722656e+02 2.633070938803932677e+02 2.631882508017799864e+02 2.631292762756347656e+02 2.630869577581232193e+02 2.630763046958229552e+02 2.630792805064808135e+02
2.630000000000000000e+02 2.629907967703683198e+02 2.629847005208333144e+02 2.629850823538644136e+02 2.629607671101887831e+02 2.629658915201823106e+02 2.629831455775669724e+02 2.629751136416480790e+02 2.628321228027343750e+02 2.625311199369884889e+02 2.629091815040225129e+02 2.632768888927641342e+02 2.635107232956659118e+02 2.636939708164759963e+02 2.638754203433082353e+02 2.639271803356352279e+02 2.637558404831659118e+02 2.634937827700660478e+02 2.632735130673362960e+02 2.631810299101330202e+02 2.631354497273762831e+02 2.631072983514694670e+02 2.630995152791340956e+02 2.631115791684105147e+02
3.030000000000000000e+02 3.029904451592024088e+02 3.029841195039970785e+02 3.029815844158793539e+02 3.029625066712845296e+02 3.029689018781795085e+02 3.029938340297965169e+02 3.030558351028797119e+02 3.031074601994004638e+02 3.031489775901616781e+02 3.037416580555050700e+02 3.041738919990007162e+02 3.043789552200672119e+02 3.044763495866642415e+02 3.045193360794422119e+02 3.044066708586937011e+02 3.040869098042333007e+02 3.037153795818949789e+02 3.034243909259175211e+02 3.032728448912154704e+02 3.031854219658430338e+02 3.031391928029614746e+02 3.031127425792605550e+02 3.031049478220385254e+02
3.030000000000000000e+02 3.029856356107271722e+02 3.029760945638020644e+02 3.029697445600460810e+02 3.029507994040464496e+02 3.029483439127604356e+02 3.029658625676081556e+02 3.030291255070612806e+02 3.032242509890825204e+02 3.034021747295673208e+02 3.041195459610376588e+02 3.045916951497395644e+02 3.047983946188901996e+02 3.048782481658153074e+02 3.048916070400140370e+02 3.046941199669471416e+02 3.042389213366386116e+02 3.037740501990684834e+02 3.034115334535256352e+02 3.032428041115785504e+02 3.031533923026842672e+02 3.030936412322215574e+02 3.030657364282852768e+02 3.030591720189803482e+02
3.030000000000000000e+02 3.029810189639820805e+02 3.029684313605813486e+02 3.029634946935316862e+02 3.029394208122702139e+02 3.029477341595817848e+02 3.029713386086856417e+02 3.030163888370289555e+02 3.032254872041589806e+02 3.033817470774931166e+02 3.041476512235753944e+02 3.046753414378446791e+02 3.049279156853170889e+02 3.050539846981272945e+02 3.050733265596277306e+02 3.048487369312959459e+02 3.043610552619485361e+02 3.038426522647633305e+02 3.034780614516314472e+02 3.032924975226907236e+02 3.031872289321001972e+02 3.031202850341796875e+02 3.030955828498391611e+02 3.030897782269645973e+02
3.030000000000000000e+02 3.029748352050781364e+02 3.029520523071288949e+02 3.029476844787597543e+02 3.029254295349120980e+02 3.029293495178222884e+02 3.029689010620116960e+02 3.030036537170410043e+02 3.030984863281249773e+02 3.031414062499999886e+02 3.039705818176269645e+02 3.046077033996581918e+02 3.049424369812011832e+02 3.050977058410644531e+02 3.051270027160644531e+02 3.049231033325195312e+02 3.044031692504883040e+02 3.038692337036133040e+02 3.034936973571777230e+02 3.033058395385742188e+02 3.031943702697753906e+02 3.031314102172851790e+02 3.031066017150878906e+02 3.031129333496093636e+02
3.030000000000000000e+02 3.029804630279541016e+02 3.029699452718098769e+02 3.029600632985432753e+02 3.029307759602864394e+02 3.029280287424723497e+02 3.029585653940836778e+02 3.029620711008707872e+02 3.028555653889973769e+02 3.028180077870686659e+02 3.036946474711100450e+02 3.043889083862304688e+02 3.047892011006672988e+02 3.049892654418945312e+02 3.050569890340169081e+02 3.048792565663655409e+02 3.043977114359537950e+02 3.038813171386718750e+02 3.034698543548583984e+02 3.032718887329101562e+02 3.031819063822428575e+02 3.031283219655354628e+02 3.031044305165608534e+02 3.031005935668945312e+02
