9.999999999999998890e-01 1.000155555250205941e+00 9.996634227248984983e-01 1.001278227064795079e+00 1.000624709059913409e+00 1.001448361044621205e+00 1.000993007437949167e+00 1.001010478739704057e+00 1.000435518152684722e+00 1.001248076649607910e+00 1.000544502011145642e+00 1.002113204279541536e+00 1.005162697596362786e+00 1.006580029816762645e+00 1.009252559033698260e+00 1.009302587954247432e+00 1.007829543576019837e+00 1.004253485506340748e+00 1.002594184481781836e+00 1.002412221135440928e+00 1.002002644227950157e+00 1.002132397470326897e+00 1.002601832612766808e+00 1.002890010213630667e+00
1.000000000000000000e+00 9.999296853425725384e-01 9.999345211095975738e-01 9.999962956200512121e-01 9.997934245602320136e-01 9.989816040804826436e-01 9.988621368570499426e-01 9.990408771050737213e-01 9.998404298281049485e-01 1.006314521510517590e+00 1.012809341435161992e+00 1.016798802335630691e+00 1.017849535028721775e+00 1.016949660206921680e+00 1.014370624120016551e+00 1.011380274631548781e+00 1.007513306581368173e+00 1.004344748927610720e+00 1.001590046742074191e+00 1.000450336623518899e+00 1.000003103769173007e+00 1.000044019498349979e+00 9.990932346866661096e-01 9.984249799287248095e-01
1.000000000000000000e+00 1.000315738277531175e+00 1.000854721301353001e+00 1.000903254103172824e+00 1.001678726841397138e+00 1.002895673485196815e+00 1.002449437869818105e+00 1.003617945985896043e+00 1.010823969199297734e+00 1.019164164961154917e+00 1.024067772238794083e+00 1.025958731027590387e+00 1.025678669311461011e+00 1.023772779482500672e+00 1.019969376781542758e+00 1.015328578474839150e+00 1.010945064591208364e+00 1.007614847657155588e+00 1.005008987079517135e+00 1.004445413539218457e+00 1.004432825352135961e+00 1.004278516487465689e+00 1.004310658229113917e+00 1.004880815268059502e+00
1.000000000000000000e+00 9.997886296186623278e-01 9.996390760993139057e-01 9.993470885854617292e-01 9.996589084049622986e-01 9.998849904723625670e-01 1.000674105950517312e+00 1.002016555023605093e+00 1.008874880297429222e+00 1.019583068603916232e+00 1.028336087664536214e+00 1.033509585422062838e+00 1.034645577556361662e+00 1.032543154197816504e+00 1.027962463993991271e+00 1.020413028780284170e+00 1.012022567750948898e+00 1.006624537850298262e+00 1.003595886755655364e+00 1.001774855415011878e+00 1.001197673388652065e+00 1.000974089958447388e+00 1.001018228619309891e+00 1.000300861555005971e+00
1.000000000000000000e+00 9.994842515691745310e-01 9.994300695337923202e-01 9.990231174771938560e-01 9.988980615354672299e-01 9.984273258739977397e-01 9.985551302103995441e-01 9.986289508575719731e-01 9.985727141811522323e-01 1.003038030634089584e+00 1.015410930891000651e+00 1.027421213190560012e+00 1.034142079929780467e+00 1.036434058928706881e+00 1.034514657063016152e+00 1.026953895791727023e+00 1.017322794530114649e+00 1.008348519445295688e+00 1.003043979782098027e+00 1.000475598432793989e+00 9.989686113215190399e-01 9.983193664114016208e-01 9.974387036610438129e-01 9.969385230273876131e-01
9.999999999999998890e-01 9.998402799206823621e-01 9.994026687089946348e-01 9.989370758701779929e-01 9.990145453732884873e-01 9.990931223350966173e-01 1.000273580319402056e+00 1.001397774196661317e+00 1.003409639244037033e+00 1.002296893428598290e+00 1.003877733827062579e+00 1.009950521108987642e+00 1.013613823513195511e+00 1.014981139332313820e+00 1.015731417821814864e+00 1.014369238815854057e+00 1.012596530054780786e+00 1.010522319408258207e+00 1.008407547677679927e+00 1.004662064544805000e+00 1.002238787816175147e+00 1.001248995243873230e+00 1.000687796368736171e+00 1.000428360537022554e+00
1.000000000000000000e+00 9.994656620381037193e-01 9.989019576337233586e-01 9.981203611377524876e-01 9.980323831939923451e-01 9.981005633984310066e-01 9.979656073531288918e-01 9.990635337826524465e-01 1.001713779642287028e+00 1.002185517865545883e+00 1.006024744816593985e+00 1.011034001290876283e+00 1.015096613971160577e+00 1.016451545348908692e+00 1.016126945880646559e+00 1.013871965696387711e+00 1.010800986983564576e+00 1.008314296284277045e+00 1.003691374430551120e+00 1.000959698819834820e+00 9.997702975808799852e-01 9.992000834198162540e-01 9.991594734322412075e-01 9.994697985081779645e-01
9.999999999999998890e-01 1.000092129327964541e+00 9.997490562892347166e-01 9.997100813658056362e-01 1.000054294508160524e+00 1.000703249428162023e+00 1.000515022340302318e+00 1.000410850723757461e+00 1.000575005416493912e+00 1.000015147352629308e+00 1.001025750445316165e+00 1.004557040429811865e+00 1.007470820117154053e+00 1.008989434496466497e+00 1.009091294464738775e+00 1.007986805253372919e+00 1.006545322707519619e+00 1.005367071757629738e+00 1.002630194807820452e+00 1.001548502251081496e+00 1.001182589054623762e+00 1.000862394404408384e+00 1.000819580330953418e+00 1.000616594076428889e+00
1.000000000000000000e+00 9.996954532709372288e-01 9.992325343553065675e-01 9.990618178717142195e-01 9.987135025607318806e-01 9.988321028412945335e-01 9.990779117658811215e-01 9.992152619562109095e-01 9.997208447771892548e-01 1.002026806611089560e+00 1.008050073240462030e+00 1.014323586250481579e+00 1.018670978273698235e+00 1.020682602109142856e+00 1.020031175319292993e+00 1.018153677310956740e+00 1.013421107612303196e+00 1.009151290101411469e+00 1.005384164033217953e+00 1.002853895360085179e+00 1.001103355606259848e+00 9.999252470825363837e-01 9.990685581239278079e-01 9.989064010740146271e-01
1.000000000000000000e+00 9.992208669596520654e-01 9.992251789001178608e-01 9.994590913478219596e-01 9.989301338583546075e-01 9.996762220568509161e-01 9.996819069977367356e-01 9.996252125500566521e-01 9.999361518659233283e-01 1.002510476064818690e+00 1.015564637434744677e+00 1.027690644865556502e+00 1.032273699325770400e+00 1.033871642940263458e+00 1.031817486129514405e+00 1.027827280372628493e+00 1.020243146018153135e+00 1.014273845936525476e+00 1.008170444653845532e+00 1.004749013318447570e+00 1.003272642845038698e+00 1.002372840839859336e+00 1.002294826452817089e+00 1.001911438116998232e+00
