1.730000000000000000e+02 1.729920743616615937e+02 1.729904852146055703e+02 1.729826183784298905e+02 1.729729621701124245e+02 1.729603394299018646e+02 1.729468275861042343e+02 1.730377189822313255e+02 1.736034910620712708e+02 1.745258364793730834e+02 1.750895024741568307e+02 1.751633795761480599e+02 1.750490562625047630e+02 1.748156183754525443e+02 1.744062001298113671e+02 1.738822806753763359e+02 1.733970195491139350e+02 1.731066935469464454e+02 1.730076368378429947e+02 1.729606725181021432e+02 1.729400240270102813e+02 1.729323041962414322e+02 1.729211124327124480e+02 1.728918989228039322e+02
2.130000000000000000e+02 2.129902209113625986e+02 2.129767719343596752e+02 2.129805109360638653e+02 2.129792899337469407e+02 2.129517741483800535e+02 2.129010443593941488e+02 2.129297709745519285e+02 2.133737095851524259e+02 2.142840851428462088e+02 2.149744140026616037e+02 2.152234661625880960e+02 2.152072308110255960e+02 2.150102601892807854e+02 2.146033516678155593e+02 2.140415212593826482e+02 2.135137882606655921e+02 2.131903124042585773e+02 2.130616227692248685e+02 2.130232998717064845e+02 2.129896677054611018e+02 2.129771148083256662e+02 2.129592159495634291e+02 2.129373719458486391e+02
2.530000000000000000e+02 2.529938217966180218e+02 2.529871508949681242e+02 2.529754787244294789e+02 2.529778775666889317e+02 2.529708541067022907e+02 2.529258952893708852e+02 2.529362009951942980e+02 2.531410940069901301e+02 2.536037910862972922e+02 2.541744790328176293e+02 2.544732047633120828e+02 2.545858672292608844e+02 2.545288800691303379e+02 2.542856955277292457e+02 2.539168745342053910e+02 2.535000293129368742e+02 2.532393662302117718e+02 2.531109743620220058e+02 2.530649630897923430e+02 2.530475495990953902e+02 2.530252304077148438e+02 2.530064351935135676e+02 2.529806530601100008e+02
2.930000000000000000e+02 2.929955193413628649e+02 2.930001071506076187e+02 2.930029866536458485e+02 2.930006571451822879e+02 2.929799553765191149e+02 2.929039727105034672e+02 2.928312262641059078e+02 2.926223578559028056e+02 2.927773186577691149e+02 2.932500189887152828e+02 2.935481180826822651e+02 2.937287414550781364e+02 2.937886230468749886e+02 2.937464545355902601e+02 2.935980380588107437e+02 2.933520982530382071e+02 2.931612013075086907e+02 2.930542731391059306e+02 2.930188144259982437e+02 2.929983378092447879e+02 2.929823160807291629e+02 2.929680969238281136e+02 2.929449035644531136e+02
3.330000000000000000e+02 3.329870923100685332e+02 3.329842641402264007e+02 3.329808393205915422e+02 3.329686005261479522e+02 3.329416784169722519e+02 3.328795988121811433e+02 3.327645456742267243e+02 3.323170010313695570e+02 3.322680869589046324e+02 3.326406411930006470e+02 3.329389804139429430e+02 3.331822777572943437e+02 3.333850608358577574e+02 3.335102489237882537e+02 3.334933372030452574e+02 3.333636543118223585e+02 3.332240021374760772e+02 3.331108410893654082e+02 3.330636764837771011e+02 3.330438948650749467e+02 3.330313415527343750e+02 3.330183043187978456e+02 3.329952772490832444e+02
1.730000000000000000e+02 1.729862524668375556e+02 1.729822104771932061e+02 1.729902105331420898e+02 1.729840297698974609e+02 1.729573478698730469e+02 1.729304428100585938e+02 1.729601081212361748e+02 1.731875778834024970e+02 1.736884231567382812e+02 1.740740998586018975e+02 1.742291472752889092e+02 1.742771654129028320e+02 1.742190828323364258e+02 1.740358282725016181e+02 1.737871109644571845e+02 1.734914261500040595e+02 1.732551984786987305e+02 1.731360912322998047e+02 1.730918203989664619e+02 1.730694646835327148e+02 1.730503969192504883e+02 1.730351998011271064e+02 1.730302419662475586e+02
2.130000000000000000e+02 2.129854116236909931e+02 2.129780007220329026e+02 2.129762557009433124e+02 2.129687551944813890e+02 2.129458046771110276e+02 2.128861168394697359e+02 2.128707350061294790e+02 2.130558718417553052e+02 2.135140634090342360e+02 2.139265006856715559e+02 2.141154031956449444e+02 2.142201801056557429e+02 2.142229984364610971e+02 2.141042249963638540e+02 2.138860067813954515e+02 2.136066952969165698e+02 2.133569384635762844e+02 2.131978909106964863e+02 2.131199266149642710e+02 2.130764945821559309e+02 2.130568987257937295e+02 2.130412178851188401e+02 2.130399653657953820e+02
2.530000000000000000e+02 2.529824497388756868e+02 2.529867792544157510e+02 2.529882351419200006e+02 2.529856166010317509e+02 2.529543433811353736e+02 2.528799922777258757e+02 2.528137999824855626e+02 2.528445553986922505e+02 2.531468107804008127e+02 2.535939294566278761e+02 2.538851434458856886e+02 2.540572002245032195e+02 2.541077794614045615e+02 2.540476177049719695e+02 2.538364934506623740e+02 2.535543574457583134e+02 2.533068549114724988e+02 2.531644996974779076e+02 2.531082922894021863e+02 2.530864101907481256e+02 2.530621905119522808e+02 2.530420436029848759e+02 2.530260072791058121e+02
2.930000000000000000e+02 2.930012071397569571e+02 2.930119784884982437e+02 2.930292941623263800e+02 2.930228156195746578e+02 2.929947557237413207e+02 2.929248535156249886e+02 2.928539218478732664e+02 2.927172790527343977e+02 2.928561733669704950e+02 2.933020378960503649e+02 2.936109286838107550e+02 2.938120781792534899e+02 2.938987582736544937e+02 2.938881218804253308e+02 2.937340996636284558e+02 2.934884568956163093e+02 2.932925415039062500e+02 2.931882893880208485e+02 2.931545213487412980e+02 2.931306905110677121e+02 2.931115410698784558e+02 2.930857611762152715e+02 2.930797424316406250e+02
3.330000000000000000e+02 3.330099121093750227e+02 3.330264404296875114e+02 3.330447035047743043e+02 3.330418755425347399e+02 3.330197658962673586e+02 3.329598700629340442e+02 3.328892510308159558e+02 3.326872307671441149e+02 3.326462856716580063e+02 3.328394307454427121e+02 3.330070061577690694e+02 3.331683898925781477e+02 3.332986857096354356e+02 3.333827006022135606e+02 3.333554219563802121e+02 3.332477328830295278e+02 3.331588650173611086e+02 3.331055833604600593e+02 3.330903550889756843e+02 3.330778971354166629e+02 3.330694817437066035e+02 3.330615668402778056e+02 3.330627604166666629e+02
