2.230000000000000000e+02 2.230079086766098442e+02 2.230088727546460632e+02 2.230024936560428443e+02 2.229977749911221565e+02 2.229955222389914695e+02 2.229857996160333755e+02 2.229508921305338447e+02 2.230378621419270928e+02 2.231345085375236863e+02 2.235043714118726257e+02 2.235812105121034676e+02 2.235873690518465935e+02 2.235972576719341873e+02 2.235983026677911880e+02 2.235118870590672486e+02 2.233238751960523132e+02 2.231125432794744370e+02 2.230085943973425628e+02 2.229721231171579063e+02 2.229642398718631568e+02 2.229524697968454063e+02 2.229536844889322822e+02 2.229499225038470627e+02
2.230000000000000000e+02 2.230002099114495309e+02 2.229998672072951820e+02 2.229974625046188805e+02 2.230032167176942437e+02 2.229954301988756242e+02 2.229751219878325514e+02 2.228984127560177342e+02 2.228132043786951044e+02 2.227183041959195577e+02 2.231230423386032555e+02 2.233040730244404699e+02 2.234135511243665633e+02 2.235531508987014320e+02 2.237148148820207041e+02 2.237146099193676037e+02 2.235130792566247919e+02 2.232713045687288798e+02 2.231138664451805198e+02 2.230494788917335427e+02 2.230233092436919264e+02 2.230010615168391155e+02 2.229944396147856764e+02 2.229922774031355459e+02
2.230000000000000000e+02 2.229953990263097410e+02 2.230014078476849591e+02 2.229948299632353041e+02 2.229895755543428209e+02 2.229648895263671875e+02 2.229442026474896466e+02 2.228218150419347410e+02 2.225852077708524916e+02 2.223794443467083966e+02 2.228620968986959952e+02 2.231465113022748028e+02 2.233107030531939472e+02 2.235011354334214104e+02 2.237325744628906250e+02 2.237808335248161882e+02 2.235628226785098889e+02 2.232742758358226070e+02 2.230686412138097410e+02 2.229754688038545396e+02 2.229370969884535896e+02 2.229082569795496340e+02 2.229061867209041736e+02 2.228962415807387458e+02
2.230000000000000000e+02 2.230083440832189581e+02 2.230211973448057563e+02 2.230165376405458062e+02 2.230103990709459367e+02 2.229701496845967199e+02 2.229348989950644011e+02 2.228249606570682033e+02 2.224496905352618228e+02 2.219870539484797405e+02 2.222573147335567967e+02 2.225082661396748449e+02 2.226959278003589588e+02 2.229314822635135158e+02 2.232309595056482294e+02 2.234355930637669019e+02 2.233942429826066416e+02 2.231970025139885934e+02 2.230453091183224217e+02 2.229759397764463813e+02 2.229545222101984905e+02 2.229457554172825269e+02 2.229441383980415878e+02 2.229411126214104684e+02
2.230000000000000000e+02 2.230246946546766367e+02 2.230401509602864678e+02 2.230503247578938897e+02 2.230576489766438897e+02 2.230364774068196709e+02 2.230069906446668710e+02 2.229450098673502509e+02 2.226787050035264883e+02 2.221475724114312129e+02 2.221697430080837705e+02 2.222317958407931826e+02 2.223123804728190009e+02 2.224805022345648808e+02 2.227983979119194942e+02 2.230885331895616446e+02 2.231723861694335938e+02 2.231020393371582031e+02 2.230192612542046504e+02 2.229904653761121835e+02 2.229793294270833428e+02 2.229796028137207031e+02 2.229866854349772041e+02 2.229897961086697080e+02
2.630000000000000000e+02 2.630073312295450023e+02 2.629964381037531780e+02 2.629940247406830736e+02 2.629939785519162001e+02 2.629822329959353624e+02 2.629612558725717690e+02 2.629373915388777618e+02 2.629981817297033331e+02 2.630596927952121860e+02 2.635024525410420324e+02 2.636796912115973441e+02 2.637563761118295815e+02 2.638156713537267706e+02 2.638865546149176566e+02 2.637955367629592729e+02 2.635358169143264604e+02 2.632566833496093750e+02 2.630744983569995838e+02 2.630161169928473441e+02 2.629894194731841139e+02 2.629659353720174977e+02 2.629623083166173956e+02 2.629565945187130751e+02
2.630000000000000000e+02 2.629994143317727548e+02 2.629953792796415541e+02 2.629878961899701153e+02 2.629926582785213895e+02 2.629660586188821298e+02 2.629547199922449181e+02 2.629048120835248028e+02 2.630052907607134784e+02 2.631514533547793917e+02 2.637169418334960938e+02 2.639609249339384291e+02 2.640479301003848605e+02 2.641284332275390625e+02 2.641748634787167020e+02 2.640454424689797861e+02 2.637335236493278785e+02 2.633701414220473112e+02 2.631432719511144569e+02 2.630566487031824181e+02 2.630170988195082487e+02 2.629845625933479027e+02 2.629629094740923847e+02 2.629556633444393583e+02
2.630000000000000000e+02 2.630042955803148743e+02 2.630082642526337509e+02 2.630028316613399397e+02 2.630060045646898743e+02 2.629825365471117493e+02 2.629571496212121247e+02 2.629633248069069396e+02 2.630649562026515014e+02 2.631110446814334978e+02 2.637302227598248123e+02 2.640877306389086243e+02 2.642595376679391848e+02 2.643667861476088774e+02 2.644266399036754365e+02 2.642681237423058747e+02 2.638854513457326902e+02 2.634580378676905639e+02 2.631772636644768113e+02 2.630523709383878099e+02 2.629950797341086854e+02 2.629612773548473115e+02 2.629460814504912491e+02 2.629338332667495024e+02
2.630000000000000000e+02 2.630037782457139883e+02 2.630072377522786269e+02 2.630068931579589844e+02 2.630166642930772696e+02 2.630001911587185077e+02 2.629758792453342267e+02 2.629624998304578867e+02 2.628972613016764512e+02 2.627723897298176894e+02 2.633224046495225821e+02 2.636960135565863652e+02 2.638984519110785527e+02 2.640393070644802265e+02 2.641544770134819942e+02 2.640710538228352675e+02 2.637695609198676152e+02 2.634031834072536640e+02 2.631459795633952012e+02 2.630305642022026973e+02 2.629776344299316406e+02 2.629421708848741446e+02 2.629248114691840215e+02 2.629214019775390625e+02
2.630000000000000000e+02 2.630124040491440951e+02 2.630190317490521466e+02 2.630227670108570805e+02 2.630245307473575167e+02 2.629988537956686514e+02 2.629696700152229027e+02 2.629128413480871131e+02 2.627070132984834459e+02 2.624401281020220722e+02 2.628963465971105506e+02 2.632589331234202632e+02 2.634827674416934542e+02 2.636655753640567355e+02 2.638441817339729027e+02 2.638630734611959952e+02 2.636470812629250986e+02 2.633383012659409701e+02 2.631177475873161598e+02 2.630182571411132812e+02 2.629707224228802716e+02 2.629521161247702139e+02 2.629422777961282236e+02 2.629400720035328618e+02
3.030000000000000000e+02 3.029873648250804195e+02 3.029716339111328125e+02 3.029691314697265625e+02 3.029759700999540541e+02 3.029741489186006334e+02 3.029695048612707069e+02 3.030129376579733389e+02 3.030697048411649916e+02 3.031505279541015625e+02 3.037438094195197777e+02 3.041160565544577139e+02 3.042734734030331083e+02 3.043560755112591778e+02 3.043947448730468750e+02 3.042653126436121056e+02 3.039326746323529278e+02 3.035511770809397945e+02 3.032578008315142597e+02 3.031154372271369652e+02 3.030552736170151888e+02 3.030150478587431166e+02 3.030048666561351070e+02 3.029901221780215792e+02
3.030000000000000000e+02 3.030000829696655273e+02 3.029908294677734375e+02 3.029852323532104492e+02 3.029822216033935547e+02 3.029585189819335938e+02 3.029396514892578125e+02 3.029994668960571289e+02 3.032346696853637695e+02 3.034609088897705078e+02 3.041585922241210938e+02 3.045491752624511719e+02 3.047081499099731445e+02 3.047741432189941406e+02 3.047681932449340820e+02 3.045461044311523438e+02 3.040865383148193359e+02 3.036195688247680664e+02 3.032750968933105469e+02 3.031138954162597656e+02 3.030351028442382812e+02 3.029898920059204102e+02 3.029622659683227539e+02 3.029518775939941406e+02
3.030000000000000000e+02 3.029988805597478745e+02 3.029956734397194396e+02 3.029963032115589385e+02 3.029961991743608110e+02 3.029729170365766890e+02 3.029469410289417510e+02 3.029836189963600646e+02 3.032147591330788146e+02 3.034288760098543776e+02 3.041988428289240005e+02 3.046788385564630630e+02 3.048982211026278151e+02 3.049835343794389360e+02 3.049761643843217485e+02 3.047210415926846849e+02 3.042010747736150620e+02 3.037039670077237474e+02 3.033252216685901885e+02 3.031394722678444396e+02 3.030506023060191865e+02 3.030054557106711854e+02 3.029793465354225646e+02 3.029650282426313765e+02
3.030000000000000000e+02 3.030061584472656477e+02 3.030183801269531045e+02 3.030201855468749841e+02 3.030300427246093591e+02 3.030044165039062705e+02 3.029729040527343500e+02 3.029754711914062568e+02 3.030436254882812364e+02 3.031331152343749977e+02 3.039673889160156364e+02 3.045182727050781182e+02 3.048164440917968818e+02 3.049490319824219000e+02 3.049695434570312500e+02 3.047140722656250205e+02 3.041720532226562455e+02 3.036304785156249864e+02 3.032482336425781000e+02 3.030748229980468977e+02 3.029739172363281341e+02 3.029144458007812659e+02 3.028912988281250023e+02 3.028732250976562455e+02
3.030000000000000000e+02 3.029981595552884528e+02 3.030093712439903584e+02 3.030027575370592672e+02 3.029993943434495236e+02 3.029762917543068852e+02 3.029452295547876588e+02 3.029008131760817264e+02 3.027469325921474592e+02 3.027888574844751588e+02 3.036861055814302972e+02 3.043337175418168954e+02 3.046977429512219828e+02 3.048740594325921620e+02 3.049252037635216084e+02 3.047165456918569930e+02 3.042320048014323106e+02 3.037184988168569930e+02 3.033130931365184324e+02 3.031272966433793954e+02 3.030432527982271722e+02 3.029901803823617570e+02 3.029589984600360708e+02 3.029356235601962908e+02
