1.730000000000000000e+02 1.730055334908621774e+02 1.729864294869559274e+02 1.729860000610351562e+02 1.729894961402529816e+02 1.729943502516973695e+02 1.729906939551943879e+02 1.730439009893508171e+02 1.733931692214239320e+02 1.742483462379092316e+02 1.750360354468936066e+02 1.752428494408017059e+02 1.751860100882393851e+02 1.749820385887509246e+02 1.746189506167457353e+02 1.741171824137369697e+02 1.736035555884951691e+02 1.732295826503208787e+02 1.730759168352399513e+02 1.730131029401506737e+02 1.729920541672479430e+02 1.729773472377232224e+02 1.729499115716843392e+02 1.729198935372488961e+02
2.130000000000000000e+02 2.129903232350068834e+02 2.129836111629710445e+02 2.129722496481502674e+02 2.129692080628638280e+02 2.129791603836358718e+02 2.129991942760991037e+02 2.130142903047449465e+02 2.132540612314261637e+02 2.140235093060661882e+02 2.148475401635263609e+02 2.152004544127221095e+02 2.152504460951861347e+02 2.151301981608072822e+02 2.148071486529181868e+02 2.142809376436121340e+02 2.137019129734413241e+02 2.132908543605430509e+02 2.131121380375880960e+02 2.130635821772556540e+02 2.130310881371591734e+02 2.130130375880821134e+02 2.129801169002757320e+02 2.129721607881433840e+02
2.530000000000000000e+02 2.529946649339464102e+02 2.529779086642795107e+02 2.529847373962402344e+02 2.529795566134982607e+02 2.529786309136284785e+02 2.530202327304416201e+02 2.530212567647298272e+02 2.531538853115505674e+02 2.534737879435221259e+02 2.540573433770073848e+02 2.544224094814724424e+02 2.545739161173502509e+02 2.545767478942871094e+02 2.544085515340169366e+02 2.540797754923502509e+02 2.536606012980143134e+02 2.533482890658908389e+02 2.531762797037760322e+02 2.530996462504068916e+02 2.530619299146864023e+02 2.530312631395128165e+02 2.530058746337890625e+02 2.529883910285101933e+02
2.930000000000000000e+02 2.929982855902777601e+02 2.929886576334635606e+02 2.929714850531684078e+02 2.929617865668402601e+02 2.929583672417534785e+02 2.929719224717882184e+02 2.929489508734808965e+02 2.928241495768228901e+02 2.927367947048610972e+02 2.931727118598090556e+02 2.935154398600260492e+02 2.937112752278645758e+02 2.937962449815537980e+02 2.937917738172743043e+02 2.936797458224826300e+02 2.934681898328993270e+02 2.932478156195746806e+02 2.931104905870225821e+02 2.930483317057291401e+02 2.930068149142795164e+02 2.929832031249999886e+02 2.929542080349392563e+02 2.929341322157118270e+02
3.330000000000000000e+02 3.330052386474609420e+02 3.330081866455078057e+02 3.330019616699218545e+02 3.329911303710937318e+02 3.329831329345703352e+02 3.329797442626953057e+02 3.329467370605468659e+02 3.326559960937499909e+02 3.323319317626953193e+02 3.326120068359375068e+02 3.329260620117187273e+02 3.331649237060547080e+02 3.333650030517578102e+02 3.335029724121093864e+02 3.335311462402343636e+02 3.334157092285156523e+02 3.332683978271484193e+02 3.331354864501952875e+02 3.330664923095703216e+02 3.330341552734374773e+02 3.330115344238281523e+02 3.329952911376952898e+02 3.329878820800781227e+02
1.730000000000000000e+02 1.729951673719617986e+02 1.729833787706163264e+02 1.729740858289930543e+02 1.729772152370876768e+02 1.729731984456380189e+02 1.729743506537543283e+02 1.730062683105468864e+02 1.731799743652343864e+02 1.736073435465494867e+02 1.740949364556206547e+02 1.743031456841362967e+02 1.743572597927517336e+02 1.743057830810546989e+02 1.741614298502604186e+02 1.739050462510850821e+02 1.736166853162977475e+02 1.733609195285373232e+02 1.732148871527777771e+02 1.731520097520616446e+02 1.731083095974392450e+02 1.730892442491319514e+02 1.730818047417534729e+02 1.730793182373046761e+02
2.130000000000000000e+02 2.130074781052609580e+02 2.129965846284906945e+02 2.129938763557596531e+02 2.129953535364029165e+02 2.130006372979346736e+02 2.130047941816613957e+02 2.129911593173412427e+02 2.130782990151263334e+02 2.134277726843002085e+02 2.139054279733211388e+02 2.141231481673869723e+02 2.142231097931557429e+02 2.142589614543508958e+02 2.141816506893076735e+02 2.139798226863779860e+02 2.136964406764253681e+02 2.134258896847988751e+02 2.132558291820769512e+02 2.131593640915890830e+02 2.131053427838264724e+02 2.130769299446268406e+02 2.130697456522190691e+02 2.130670607546542499e+02
2.530000000000000000e+02 2.529989989598592217e+02 2.529900681177774970e+02 2.529912430445353095e+02 2.529871384302774970e+02 2.529894310633341377e+02 2.530055494308471680e+02 2.529773308436075752e+02 2.529430077870686944e+02 2.531025276184082031e+02 2.535512444178263252e+02 2.538396056493123467e+02 2.540152244567871094e+02 2.541130701700846259e+02 2.540957743326822822e+02 2.539471654891967773e+02 2.536832818984985352e+02 2.534203751881917412e+02 2.532423909505208428e+02 2.531468219757080078e+02 2.531006336212158203e+02 2.530676307678222656e+02 2.530483201344808037e+02 2.530317296981811523e+02
2.930000000000000000e+02 2.930120630678923135e+02 2.930132658585258127e+02 2.930052947998046875e+02 2.930024487039317478e+02 2.929995369289232485e+02 2.930085926885190020e+02 2.929804548180621850e+02 2.928736214015794985e+02 2.928348163107166897e+02 2.931940307617187500e+02 2.935138045601223098e+02 2.937195494278617502e+02 2.938296634839928743e+02 2.938657710863196257e+02 2.937539626411769973e+02 2.935068611476732485e+02 2.932916531770125630e+02 2.931571655273437500e+02 2.931001308275305632e+02 2.930718164858610635e+02 2.930421567170516255e+02 2.930168516739555002e+02 2.929960718569548135e+02
3.330000000000000000e+02 3.329944186740451642e+02 3.330015048556857664e+02 3.330096828884548472e+02 3.330173868815103901e+02 3.330321038140190808e+02 3.330423787434895644e+02 3.330312615288628422e+02 3.328952080620659899e+02 3.327041035970052008e+02 3.328350043402778056e+02 3.329702223036024407e+02 3.331024190266927008e+02 3.332287434895833371e+02 3.333243801540798472e+02 3.333350043402778056e+02 3.332480014377169937e+02 3.331450622558593864e+02 3.330843777126735858e+02 3.330567837185329836e+02 3.330453769259982550e+02 3.330443318684895644e+02 3.330275702582465556e+02 3.330203124999999886e+02
