1.730000000000000000e+02 1.730010178728801407e+02 1.729947680961794845e+02 1.729878729843511849e+02 1.729813902319931458e+02 1.729668344637242683e+02 1.729631165295112396e+02 1.729818044522913567e+02 1.735081906202362916e+02 1.746756163806450104e+02 1.755486029648199349e+02 1.757299205500904975e+02 1.756046540795302917e+02 1.753291056563214454e+02 1.748373829911394921e+02 1.741564416652772422e+02 1.735482925787204636e+02 1.732208884634622734e+02 1.731149485518292579e+02 1.730938088021627266e+02 1.730820096643959687e+02 1.730573838396770157e+02 1.730459695211270912e+02 1.730305767524533280e+02
2.130000000000000000e+02 2.129921594736527481e+02 2.129900400589923493e+02 2.129895854093590515e+02 2.129911190733617730e+02 2.129889937420280717e+02 2.129813808519013207e+02 2.129949789241868530e+02 2.134103817063935082e+02 2.143927300900829209e+02 2.152122008654536103e+02 2.154729492810307647e+02 2.154326931700414605e+02 2.151983552271005919e+02 2.147336052096619881e+02 2.140876358966438033e+02 2.135033569335937500e+02 2.131705614985251884e+02 2.130759152782206627e+02 2.130536343321508355e+02 2.130435638427734375e+02 2.130423777054767243e+02 2.130246438785475220e+02 2.129956942188496498e+02
2.530000000000000000e+02 2.529959114270332634e+02 2.529886533297025153e+02 2.529989428397936706e+02 2.530086712959485169e+02 2.530061352069561167e+02 2.530104174491686706e+02 2.530124852107121285e+02 2.531200123322315676e+02 2.536005436823918160e+02 2.541694801526192009e+02 2.544057135948768007e+02 2.544539775359324949e+02 2.543639452029497079e+02 2.541109709128355405e+02 2.537179784530248412e+02 2.533273847531049796e+02 2.530853107158954458e+02 2.530019206511668699e+02 2.529926268748747873e+02 2.529942689553285220e+02 2.529945925199068597e+02 2.529794788849659426e+02 2.529639340914212653e+02
2.930000000000000000e+02 2.929977111816406250e+02 2.929958450642037633e+02 2.929962450392702635e+02 2.929930978328623610e+02 2.929729646723321252e+02 2.929576370563912633e+02 2.929170233543882773e+02 2.927381968396775278e+02 2.929732958205202635e+02 2.934933880745096531e+02 2.937915493579620829e+02 2.939326217326712367e+02 2.939583577906831806e+02 2.938649304978391115e+02 2.936408379737367227e+02 2.933698146089594161e+02 2.931521749293550556e+02 2.930469198024019306e+02 2.930033036901595551e+02 2.929801830535239446e+02 2.929612439744016115e+02 2.929554910862699444e+02 2.929361221638131383e+02
3.330000000000000000e+02 3.329995506773603893e+02 3.329978871446974722e+02 3.329978202657496809e+02 3.329967346191406250e+02 3.329873884485123199e+02 3.329799116418716949e+02 3.329015067891871809e+02 3.325460899840010143e+02 3.326081549461851523e+02 3.330744836685505561e+02 3.334307854835023477e+02 3.336686148136220140e+02 3.338028317715259163e+02 3.338097501714178748e+02 3.336660318577543194e+02 3.334410608169880561e+02 3.332521680466672365e+02 3.331360168457031250e+02 3.330736161901595551e+02 3.330412682066572643e+02 3.330128316676363056e+02 3.329917544101147087e+02 3.329735672321725133e+02
1.730000000000000000e+02 1.729995047251383369e+02 1.730043544769287109e+02 1.729919646581014092e+02 1.729955485661824639e+02 1.729901997248331611e+02 1.729823306401570733e+02 1.731165199279785156e+02 1.736173982620239258e+02 1.743430633544921875e+02 1.748100191752115791e+02 1.749236990610758369e+02 1.748498643239339287e+02 1.746531702677408759e+02 1.743225978215535577e+02 1.738890485763549805e+02 1.734872029622395928e+02 1.732412662506103516e+02 1.731153863271077569e+02 1.730731442769368584e+02 1.730489247639974053e+02 1.730109138488769531e+02 1.729924335479736328e+02 1.729735978444417412e+02
2.130000000000000000e+02 2.129970366160074775e+02 2.129936542510986328e+02 2.130090440114339287e+02 2.130232283274332588e+02 2.130218423207601006e+02 2.130007324218750000e+02 2.130023406346639092e+02 2.133577025731404717e+02 2.140391858418782647e+02 2.146012837092081611e+02 2.148261124293009345e+02 2.148866647084554131e+02 2.148051369984944756e+02 2.145294262568155830e+02 2.140889415740966797e+02 2.136432679494222100e+02 2.133285201390584405e+02 2.131749827067057197e+02 2.131131048202514648e+02 2.130799153645833428e+02 2.130523745218912666e+02 2.130351708730061944e+02 2.130224730173746650e+02
2.530000000000000000e+02 2.529868834646124469e+02 2.529885294060958074e+02 2.530010749415347391e+02 2.530112698203639070e+02 2.530133345754522907e+02 2.530063099108244273e+02 2.529414472078022129e+02 2.530292751914576570e+02 2.534183478104440894e+02 2.539483767057720058e+02 2.542839520103053133e+02 2.544789705778423183e+02 2.545138324938322398e+02 2.543507525795384367e+02 2.540069796913548430e+02 2.536180347643400523e+02 2.533227972733347144e+02 2.531591559962222391e+02 2.530937190808747914e+02 2.530581379940635145e+02 2.530340989765367965e+02 2.530257544266550269e+02 2.530124977513363547e+02
2.930000000000000000e+02 2.929974441528320312e+02 2.929993001764470932e+02 2.929970959750089037e+02 2.930067603371360292e+02 2.929960729425603745e+02 2.929792320945045958e+02 2.928897191827947495e+02 2.926415197199041245e+02 2.926694356744939682e+02 2.930541451194069396e+02 2.933711769797585021e+02 2.935907897949218750e+02 2.937161324240944396e+02 2.937326868230646255e+02 2.935995781638405333e+02 2.933648390336470015e+02 2.931536497636274703e+02 2.930326794711026537e+02 2.929796954068270338e+02 2.929494621970436583e+02 2.929366073608398438e+02 2.929326747547496552e+02 2.929163707386363740e+02
3.330000000000000000e+02 3.330032384963262757e+02 3.330077601841517776e+02 3.330191766648065368e+02 3.330177684965588014e+02 3.329983854747953842e+02 3.329716578892299026e+02 3.328418099539620698e+02 3.323883637927827408e+02 3.321564679827009172e+02 3.323465394519624283e+02 3.325705304827009172e+02 3.327993193126860092e+02 3.330398872012183915e+02 3.332384549095517059e+02 3.333252323695591599e+02 3.332708158947172592e+02 3.331603277297247132e+02 3.330779978434244981e+02 3.330380023774646361e+02 3.330223810105096618e+02 3.330204467773437500e+02 3.330111781529017776e+02 3.329917893182663420e+02
1.730000000000000000e+02 1.729998424441315308e+02 1.730076911393986165e+02 1.730205376203670085e+02 1.730352886111237183e+02 1.730379219942314819e+02 1.730228566014489502e+02 1.730001465553461060e+02 1.730672930340434164e+02 1.733996127816133708e+02 1.736234673788381144e+02 1.736989025736964152e+02 1.737246537319449544e+02 1.737038666481195435e+02 1.736118430204169556e+02 1.734418423674827352e+02 1.732670731655387044e+02 1.731440057089162394e+02 1.730878711079442098e+02 1.730795461965161621e+02 1.730735828488372192e+02 1.730643754116324544e+02 1.730684796710347086e+02 1.730748482637627319e+02
2.130000000000000000e+02 2.130011150653545542e+02 2.130074936304336859e+02 2.130207464756109914e+02 2.130345310308994442e+02 2.130357951628856199e+02 2.130144305106921081e+02 2.129735819498697822e+02 2.129958801269531250e+02 2.132645314534505303e+02 2.135230274689503176e+02 2.136552984775641164e+02 2.137364568465795287e+02 2.137594627967247618e+02 2.136803463666867060e+02 2.135170906262520134e+02 2.133374320788261116e+02 2.132021097036508479e+02 2.131281511355668954e+02 2.130807209503956301e+02 2.130533271202674257e+02 2.130490620930989678e+02 2.130313450739933785e+02 2.130281806358924257e+02
2.530000000000000000e+02 2.529937026079963118e+02 2.529977520213407729e+02 2.530131656422334459e+02 2.530434781242819327e+02 2.530460169175091778e+02 2.530238099939682854e+02 2.529611152200137951e+02 2.529134754854090090e+02 2.531305739458869368e+02 2.533958170273724591e+02 2.535519696403952139e+02 2.536821172377642597e+02 2.537498321533203125e+02 2.537136477302102548e+02 2.535764240938074465e+02 2.533687649895163077e+02 2.531954143748563979e+02 2.530948001637178209e+02 2.530442724788890132e+02 2.530144568050608882e+02 2.529964303409352055e+02 2.529900656307444820e+02 2.529878360523896959e+02
2.930000000000000000e+02 2.929975845336913949e+02 2.929937637329101676e+02 2.930023170471191634e+02 2.930122161865234602e+02 2.930229446411132699e+02 2.929969474792480355e+02 2.929224273681640511e+02 2.928412910461426009e+02 2.929749282836913835e+02 2.933541725158691520e+02 2.935822212219238168e+02 2.937403541564941634e+02 2.938227081298828125e+02 2.938080429077148210e+02 2.936445854187011832e+02 2.934017288208007699e+02 2.932071670532226335e+02 2.931283142089843636e+02 2.930920036315918082e+02 2.930538391113281023e+02 2.930332054138183366e+02 2.930193992614746321e+02 2.930006126403808366e+02
3.330000000000000000e+02 3.329881502787272325e+02 3.329854259490966797e+02 3.329905935923258653e+02 3.329827709197998047e+02 3.329597695668538222e+02 3.329476051330566406e+02 3.328974793752034316e+02 3.327705529530842909e+02 3.327915089925130019e+02 3.330126171112060547e+02 3.332107861836751113e+02 3.333929036458333144e+02 3.335212961832682481e+02 3.335596122741699219e+02 3.334479656219482422e+02 3.332502689361572266e+02 3.331065991719563613e+02 3.330444075266520372e+02 3.330278148651123047e+02 3.330361315409342637e+02 3.330336221059163222e+02 3.330303783416748047e+02 3.330218016306559434e+02
