1.000000000000000000e+00 1.000506168975735077e+00 1.000223914607988762e+00 9.996100527524865997e-01 9.992454253938816144e-01 9.996323419380649389e-01 9.993378000463529753e-01 9.986450194900725608e-01 9.978322094791778341e-01 9.937433954625779498e-01 9.940610769863092999e-01 9.935159379169339333e-01 9.941723666308400764e-01 9.955494488590276303e-01 9.970202113619629491e-01 9.978671381064616597e-01 9.987613043055350026e-01 9.997824722434370814e-01 9.988183077060751591e-01 9.994176512038035476e-01 9.993745582052597776e-01 9.993405186751521674e-01 9.994552818828166263e-01 9.990831026596989073e-01
1.000000000000000000e+00 1.000034423705970177e+00 1.000173168427360926e+00 9.999380518447414934e-01 9.997491822815746110e-01 9.994087791498347251e-01 9.998349570521537499e-01 1.000297857834543835e+00 1.006655180621910617e+00 1.014543472538474767e+00 1.016909551263465827e+00 1.016896048233444372e+00 1.016032451394512037e+00 1.015684194217043368e+00 1.011511572194674580e+00 1.007368662426574746e+00 1.003660107562786008e+00 1.002271487740404421e+00 1.001267583063957689e+00 1.000885582681901864e+00 1.000308265990430323e+00 1.000115112583739974e+00 9.999820320237396976e-01 9.994238730365586632e-01
9.999999999999998890e-01 1.000239851181853545e+00 1.000019636550028013e+00 1.000171582478926124e+00 1.000164195164514602e+00 1.000631776719116184e+00 1.000625898239866363e+00 1.001794072886343923e+00 1.009952651716420347e+00 1.016751941610486432e+00 1.018317803203924843e+00 1.018375363102069775e+00 1.019290435255516547e+00 1.018025846919744515e+00 1.013603435215435500e+00 1.008792723528603830e+00 1.003788982498643012e+00 1.001079544185993875e+00 9.995714394725466745e-01 9.993267520135146187e-01 9.987578379752635183e-01 9.986924245905810515e-01 9.989320470291160881e-01 9.988928028114014701e-01
9.999999999999998890e-01 1.000154565515722904e+00 1.000437412961497019e+00 1.001075623326578956e+00 1.001521387456058898e+00 1.001464325740622163e+00 1.001687194704946382e+00 1.002954217237066903e+00 1.006018219575572470e+00 1.006355008796689265e+00 1.008017892622452116e+00 1.008754255640131658e+00 1.009054967404690029e+00 1.008382709862927662e+00 1.007509627401891539e+00 1.005167185723109258e+00 1.002825722828926347e+00 1.001747792763033829e+00 1.001251531155799013e+00 1.000952692099690067e+00 1.000674125348116394e+00 1.000255551381290298e+00 1.000099948331008681e+00 1.000009834721947266e+00
1.000000000000000000e+00 1.000236376573105046e+00 1.000390256738892036e+00 1.000210300474758229e+00 1.000514487695002064e+00 1.000147809764892148e+00 1.000093890818016140e+00 1.000125546385720599e+00 1.001953078193654978e+00 1.000381392643555412e+00 1.001402302366898978e+00 1.002591254833385737e+00 1.003152890126294272e+00 1.003266952266858025e+00 1.002254851474994712e+00 1.002304191440219094e+00 1.001931869530797936e+00 1.000747118257044432e+00 1.000338875435886843e+00 1.000255813611795830e+00 1.000367573588012871e+00 1.000413047817272361e+00 1.000569675810794035e+00 1.000364906163113687e+00
1.000000000000000000e+00 1.000196105141079705e+00 1.000198466729968816e+00 1.000623074941339397e+00 1.000297313358411211e+00 1.000558463752843741e+00 1.002934346954663880e+00 1.004090634197179144e+00 1.000350871653035378e+00 9.987369268581253179e-01 1.001827187365822658e+00 1.007750039441028367e+00 1.010417976205768564e+00 1.011224873894076781e+00 1.011538726933241206e+00 1.010894084682658622e+00 1.009069715109066623e+00 1.006037213276457232e+00 1.002989006346634016e+00 1.001892226498831473e+00 1.000970666322469116e+00 1.000171713587436839e+00 1.000183570408880174e+00 9.998134130514255702e-01
1.000000000000000000e+00 9.997655891187489097e-01 9.997355778490298883e-01 9.994483730824015311e-01 9.998200366276156492e-01 9.996812198900648649e-01 1.001068051219498267e+00 1.003853330022430823e+00 1.009287630242972744e+00 1.010863319473830124e+00 1.012243351779544609e+00 1.013632752100447565e+00 1.014607616201974594e+00 1.013985123583952319e+00 1.013101856958782632e+00 1.010574432087408825e+00 1.007787840804228896e+00 1.005597424575720433e+00 1.001814435220740984e+00 1.000308264228743083e+00 9.990723690108295196e-01 9.992182793579603706e-01 9.987403639706544656e-01 9.990367174168399700e-01
1.000000000000000000e+00 9.994545313442245726e-01 9.995326075772477115e-01 9.988166853636816223e-01 9.987447176471463406e-01 9.990160789002353603e-01 9.980778315781204668e-01 1.000177999567218645e+00 1.010387086105663634e+00 1.019724324498104462e+00 1.026073250861820663e+00 1.028893812084937132e+00 1.030345118902459722e+00 1.029302372913024621e+00 1.024929992370885445e+00 1.018059310660312189e+00 1.010823179907486269e+00 1.007128836776716829e+00 1.002784887771983380e+00 1.000449686014283524e+00 9.993462869062992304e-01 9.987167232255896865e-01 9.982325371503729672e-01 9.980163268739408178e-01
9.999999999999998890e-01 1.000048926094057711e+00 9.999212093101861321e-01 9.998784482016546127e-01 9.994449119489600131e-01 9.994904620672911966e-01 9.991303475046563465e-01 1.000508099925361272e+00 1.009602237483775200e+00 1.023350834690234024e+00 1.036363114851647005e+00 1.044486158903374706e+00 1.047345768988194203e+00 1.045674605667776813e+00 1.039776334275018366e+00 1.030304097860712975e+00 1.019497270186648041e+00 1.012092663345741883e+00 1.005399208227530705e+00 1.002579592998863012e+00 1.001312319895558689e+00 1.000874623494070192e+00 1.000311027549891207e+00 1.000300053918314447e+00
1.000000000000000000e+00 1.000122839563058807e+00 1.001807087972887533e+00 1.001633775605252019e+00 1.001561839045436386e+00 1.001049490543575615e+00 1.000455418565718624e+00 9.997537853222239201e-01 1.000460330627440664e+00 1.012843016447954270e+00 1.028445307960366595e+00 1.039482565756852717e+00 1.045070028162517817e+00 1.046061056703438297e+00 1.043383875166956853e+00 1.034204923796023134e+00 1.024243044413751358e+00 1.014884857959760689e+00 1.006329139414778195e+00 1.002737761083553059e+00 1.001558909163175359e+00 1.000591958265095505e+00 9.998722635666255076e-01 9.994920146032371111e-01
9.999999999999998890e-01 9.997749346887536692e-01 9.996001980532914777e-01 9.996011092561152278e-01 9.996471170375620385e-01 9.996294578453808199e-01 9.998105708372178047e-01 1.000413861415090588e+00 1.001103039415974338e+00 1.003190098102981986e+00 1.005214496472491170e+00 1.007794028861267899e+00 1.008747057764476374e+00 1.007539779771464250e+00 1.006117454701992875e+00 1.005122465166736534e+00 1.003548754465655835e+00 1.002616841706154061e+00 1.002167223121104733e+00 1.001281940605276422e+00 1.000602873651009972e+00 1.000061349045292980e+00 1.000256391220358143e+00 9.999326099553562663e-01
1.000000000000000000e+00 1.000140458661845422e+00 1.000207994014894020e+00 1.000141662858110791e+00 9.998508298018528029e-01 9.999319525355701010e-01 9.999664994806645169e-01 1.000236006169158420e+00 1.001415927888133384e+00 1.004429502725423085e+00 1.008989841906003937e+00 1.014483629728594627e+00 1.017762008757395087e+00 1.019257884173188078e+00 1.019417695249821509e+00 1.018233909645399393e+00 1.013087979617348866e+00 1.009112785600877027e+00 1.005985100862824000e+00 1.004145557175813996e+00 1.003530107473320943e+00 1.002822632426370930e+00 1.002585928628394019e+00 1.002194009561163002e+00
1.000000000000000000e+00 9.996193652302418631e-01 9.992746205126347148e-01 9.996928616018925240e-01 9.994499015789383156e-01 9.994309364700918463e-01 9.989444691947249044e-01 9.995781791746072287e-01 1.000435785581734072e+00 1.001854161695624912e+00 1.002459065433274121e+00 1.002758876596496984e+00 1.002074269023619735e+00 1.001116013259051529e+00 1.000628606501231754e+00 1.000658226402700857e+00 1.001707555329780286e+00 1.000384820972690214e+00 1.000223546113133688e+00 1.000136267000853563e+00 9.995832276214747791e-01 9.995291015391299938e-01 9.990770866625063862e-01 9.991170848476279565e-01
1.000000000000000000e+00 9.995060776213374742e-01 9.989483492867715642e-01 9.995273370142324643e-01 9.989385284683974797e-01 9.986746275505475889e-01 9.988973122132553950e-01 9.993968075526793449e-01 1.000620409009883582e+00 1.004211692174272752e+00 1.006391117330037055e+00 1.006900838732590842e+00 1.006237608831116015e+00 1.005363072011856929e+00 1.004977144751947993e+00 1.005187809246522290e+00 1.004933700322130363e+00 1.003102107300473333e+00 1.001588818796814717e+00 1.000287119943728653e+00 9.995344294422142672e-01 9.992886086773099530e-01 9.988605017861958979e-01 9.987646536687072585e-01
9.999999999999998890e-01 9.999402291426768841e-01 9.994562995511394599e-01 9.993802868723709043e-01 9.992273364770952737e-01 9.992153099125682392e-01 9.991146937629538094e-01 9.991820555108211765e-01 9.993348714902793306e-01 1.001559911806952918e+00 1.004813023189436327e+00 1.005770432426792871e+00 1.005044497193274600e+00 1.003616849617396056e+00 1.002213338041951785e+00 1.000063235314222698e+00 9.988538322168396544e-01 9.976132884716825133e-01 9.985296755821431169e-01 9.985996940489879625e-01 9.979829804763077350e-01 9.980151385366133887e-01 9.976777608205533721e-01 9.975808629497082691e-01
