1.730000000000000000e+02 1.730005351475306838e+02 1.729930427187965165e+02 1.729965449741908401e+02 1.729799227033342675e+02 1.729619006202334504e+02 1.729722580682663704e+02 1.730227755591982941e+02 1.734299559820265983e+02 1.743581386747814292e+02 1.750933104015531967e+02 1.752810861496698180e+02 1.752013931274414062e+02 1.749690362839471618e+02 1.745817783900669724e+02 1.740610424223400230e+02 1.735377596900576691e+02 1.732018879481724412e+02 1.730491772606259246e+02 1.730109623500279099e+02 1.730001929146903024e+02 1.729804734729585221e+02 1.729598661150251075e+02 1.729246088663736884e+02
2.130000000000000000e+02 2.130056985473632949e+02 2.130084512329101472e+02 2.130204736328124966e+02 2.130210964965820324e+02 2.130012097167968648e+02 2.129855874633789199e+02 2.129762515258788937e+02 2.132744973754882949e+02 2.140855676269531216e+02 2.149085958862304722e+02 2.152497866821288994e+02 2.152884692382812375e+02 2.151389916992187636e+02 2.147715640258789165e+02 2.142196810913085869e+02 2.136415356445312455e+02 2.132646252441406318e+02 2.130982574462890682e+02 2.130550650024414097e+02 2.130380578613281273e+02 2.130129544067382881e+02 2.129903271484375011e+02 2.129708413696289142e+02
2.530000000000000000e+02 2.529994156296188805e+02 2.529985384554476298e+02 2.530073052483635934e+02 2.530231805749841669e+02 2.530170683989653639e+02 2.529864332869246084e+02 2.529554587699271622e+02 2.530892156652502081e+02 2.534665271655933338e+02 2.541004840747730213e+02 2.544826911720069802e+02 2.546345223091744003e+02 2.546309117497624470e+02 2.544379029145111986e+02 2.540816852466480213e+02 2.536524155075485680e+02 2.533458375673036187e+02 2.531917765849345301e+02 2.531198977908572658e+02 2.530865189835832041e+02 2.530643120843010934e+02 2.530353414174672650e+02 2.530208802094330736e+02
2.930000000000000000e+02 2.929899597167968750e+02 2.929916517469617929e+02 2.929993706597222172e+02 2.930051154242621578e+02 2.929915127224392108e+02 2.929557529025607892e+02 2.928947082519531477e+02 2.927235928005642336e+02 2.926862806532117816e+02 2.931524603949652601e+02 2.935078552246093864e+02 2.937069539388020871e+02 2.938049323187934192e+02 2.937991780598958371e+02 2.936849195692274179e+02 2.934531473795572651e+02 2.932273159450954836e+02 2.930910352918836566e+02 2.930431070963541629e+02 2.930066718207465328e+02 2.929902262369791401e+02 2.929652153862847399e+02 2.929532735188802235e+02
3.330000000000000000e+02 3.329897727966308594e+02 3.329829934438069472e+02 3.329733409881591797e+02 3.329543120066325059e+02 3.329288101196289062e+02 3.329047419230143419e+02 3.328322003682454238e+02 3.324726193745930800e+02 3.321966762542724609e+02 3.325239149729410997e+02 3.328368612925211778e+02 3.330779285430908203e+02 3.332672201792399278e+02 3.334124908447265625e+02 3.334287045796712050e+02 3.333238824208577284e+02 3.331877956390380859e+02 3.330715834299723497e+02 3.330041592915852675e+02 3.329759833017985216e+02 3.329497674306233534e+02 3.329331658681233534e+02 3.329251899719238281e+02
1.730000000000000000e+02 1.729910766601562386e+02 1.730028544108072879e+02 1.729981007893880189e+02 1.729993638780381957e+02 1.729733727349175467e+02 1.729379011366102361e+02 1.729385362413194400e+02 1.731226664225260379e+02 1.735723798963758782e+02 1.740469550238715328e+02 1.742694400363498346e+02 1.743331871880425297e+02 1.742919067382812557e+02 1.741501261393229072e+02 1.738955301920572936e+02 1.736097540961371521e+02 1.733767211914062614e+02 1.732394538031684021e+02 1.731754374186197936e+02 1.731318389892578011e+02 1.730955173068576300e+02 1.730648393419053832e+02 1.730455423990885322e+02
2.130000000000000000e+02 2.129968583127285626e+02 2.130063609671085487e+02 2.130109710693359375e+02 2.130103568219124099e+02 2.129839162623628681e+02 2.129627305700423960e+02 2.129300514383518816e+02 2.130290920176404654e+02 2.134223778907288818e+02 2.139051078634059309e+02 2.141387559606673960e+02 2.142583598684757362e+02 2.142921402302194167e+02 2.142030402650224516e+02 2.139972219264253681e+02 2.137121422950257568e+02 2.134543869343209792e+02 2.132812964256773682e+02 2.131857101765084792e+02 2.131302474001620624e+02 2.130919238151387844e+02 2.130516484037358680e+02 2.130276167849276874e+02
2.530000000000000000e+02 2.530042997996012275e+02 2.530135663350423272e+02 2.530104169845581055e+02 2.530107405980428155e+02 2.529962584177652900e+02 2.529544556935628350e+02 2.529003950754801338e+02 2.528789409001668389e+02 2.530766928990682061e+02 2.535436477661132812e+02 2.538442513147989814e+02 2.540453379948934014e+02 2.541260321935017998e+02 2.540963087081909180e+02 2.539187790552774970e+02 2.536404857635498047e+02 2.533871135711669922e+02 2.532087752024332588e+02 2.531201715469360352e+02 2.530783700942993164e+02 2.530468680063883369e+02 2.530168237686157227e+02 2.529984156290690009e+02
2.930000000000000000e+02 2.929989515516493270e+02 2.930002380371093977e+02 2.930011311848958258e+02 2.930032314724392108e+02 2.929843872070312614e+02 2.929433471679687386e+02 2.928812866210937500e+02 2.927387600368923586e+02 2.927321716308593977e+02 2.931638190375434192e+02 2.935053894042968636e+02 2.937248901367187273e+02 2.938401611328125114e+02 2.938610032823350480e+02 2.937557169596354356e+02 2.935125352647569343e+02 2.932923916286892450e+02 2.931487860785590556e+02 2.930980963812934306e+02 2.930682840983072879e+02 2.930531934950086566e+02 2.930322645399305657e+02 2.930162997775607892e+02
3.330000000000000000e+02 3.329975685451341860e+02 3.330130482549252520e+02 3.330153947913128150e+02 3.330133892556895603e+02 3.329966536812160598e+02 3.329733979598335623e+02 3.328988242771314390e+02 3.326903706426205645e+02 3.325163209334663748e+02 3.327264430833899382e+02 3.329100175940471900e+02 3.330786537502123110e+02 3.332347743822180632e+02 3.333349470055621850e+02 3.333377254320227507e+02 3.332380649732506868e+02 3.331324124543563130e+02 3.330604732347571257e+02 3.330450923753821257e+02 3.330416843580163118e+02 3.330359344482421875e+02 3.330258908479110005e+02 3.330194410241168725e+02
