2.230000000000000000e+02 2.229868325898141563e+02 2.229912409926905639e+02 2.229947579123757180e+02 2.229925657330137199e+02 2.229864950469045937e+02 2.229753972833806870e+02 2.229447645707564050e+02 2.230127554228811562e+02 2.230811642733487190e+02 2.235166653719815315e+02 2.236401589133522805e+02 2.236722102309718139e+02 2.236964069713245635e+02 2.237113106467507180e+02 2.236357107451467812e+02 2.234406174168442192e+02 2.232446252071496247e+02 2.231218890565814377e+02 2.230815203117601868e+02 2.230719512014678116e+02 2.230545362992720300e+02 2.230539254853219688e+02 2.230503530791311562e+02
2.230000000000000000e+02 2.229853074815538321e+02 2.230030297173394160e+02 2.230088229709201357e+02 2.230201988220214844e+02 2.230106616550021670e+02 2.230182516309949960e+02 2.229528138902452383e+02 2.228547982109917598e+02 2.227026604546441035e+02 2.231223136054144902e+02 2.233596263461642764e+02 2.234807451036241446e+02 2.236282925075954893e+02 2.237853953043619697e+02 2.238012877570258183e+02 2.236119740804036553e+02 2.233709585401746835e+02 2.232192361619737540e+02 2.231464114718966982e+02 2.231124216715494697e+02 2.230854560004340215e+02 2.230882458157009580e+02 2.230824673970540459e+02
2.230000000000000000e+02 2.229929805082433347e+02 2.230134694716509784e+02 2.230383740593405264e+02 2.230370411592371340e+02 2.230241977467256334e+02 2.230293211095473396e+02 2.229472144631778576e+02 2.226932821834788570e+02 2.223992731430951153e+02 2.228738488590016118e+02 2.231981362735523930e+02 2.233886144301470722e+02 2.235850583244772452e+02 2.238122845818014639e+02 2.238812677720013653e+02 2.236799204209271466e+02 2.233924044440774423e+02 2.232066013111787584e+02 2.231090985466452139e+02 2.230657460829791034e+02 2.230298080444335938e+02 2.230196851842543708e+02 2.230168977625229729e+02
2.230000000000000000e+02 2.230032810411955211e+02 2.230277942858244273e+02 2.230528126766807020e+02 2.230498424329255727e+02 2.230314182482267711e+02 2.230325783177426047e+02 2.229484457718698707e+02 2.225902983012952348e+02 2.220379393728155719e+02 2.222896094071237769e+02 2.225633231715152078e+02 2.227830457185444004e+02 2.230185623168945312e+02 2.233013530530427602e+02 2.235036729511461715e+02 2.234685323614823176e+02 2.232914107473272907e+02 2.231497100026983844e+02 2.230755743729440894e+02 2.230579833984375000e+02 2.230424973337273968e+02 2.230487104717053910e+02 2.230565864161441141e+02
2.230000000000000000e+02 2.230087049079663757e+02 2.230210085782137810e+02 2.230528763279770317e+02 2.230664529511422813e+02 2.230641437877308135e+02 2.230754315925366882e+02 2.230428281841855949e+02 2.228276538270892502e+02 2.222358597264145317e+02 2.222228069883404373e+02 2.222849870161576575e+02 2.223666132146661880e+02 2.225337196118903762e+02 2.228338734019886260e+02 2.231315950335878426e+02 2.232412386807528435e+02 2.231877931537050301e+02 2.231141990892814988e+02 2.230745974454012810e+02 2.230723308216441865e+02 2.230631149754379692e+02 2.230751019102154373e+02 2.230922352183948760e+02
2.630000000000000000e+02 2.629812914874102603e+02 2.629814849028716139e+02 2.629820362812764074e+02 2.629774784397434360e+02 2.629712013038429177e+02 2.629766610635293773e+02 2.629734158902554668e+02 2.629860340840107824e+02 2.630207346323373940e+02 2.634821851575696883e+02 2.637025451660156250e+02 2.637994793041332287e+02 2.638785231306746368e+02 2.639412346917229684e+02 2.638751905286634383e+02 2.636465557201488537e+02 2.633514763084617698e+02 2.631824262464368758e+02 2.631093185012405229e+02 2.630708168648384913e+02 2.630523372340846890e+02 2.630413979195259913e+02 2.630400308145059398e+02
2.630000000000000000e+02 2.629899353027343523e+02 2.629999764578682857e+02 2.630196589878627265e+02 2.630064208984375114e+02 2.629930611746651721e+02 2.630098994663783287e+02 2.629806597028459692e+02 2.630207567487444180e+02 2.631115539550781364e+02 2.637121250697544497e+02 2.640189910888672102e+02 2.641382337297712297e+02 2.642312377929687273e+02 2.642796203613281136e+02 2.641656986781529213e+02 2.638610033307756453e+02 2.635063642229352467e+02 2.632744245256696445e+02 2.631757472446986412e+02 2.631259652273995471e+02 2.630883196149553669e+02 2.630740447998047102e+02 2.630691432407924140e+02
2.630000000000000000e+02 2.629884221694048847e+02 2.630064885756548847e+02 2.630363504746380841e+02 2.630382089053883305e+02 2.630297878489774916e+02 2.630455052992876972e+02 2.630352706909179688e+02 2.631022661994485361e+02 2.631019699994255348e+02 2.637310162712545889e+02 2.641538830925436514e+02 2.643663276223575167e+02 2.644880972469554195e+02 2.645589868882123028e+02 2.644152113970588402e+02 2.640239657233743173e+02 2.635968547147863319e+02 2.633044209199792931e+02 2.631711340511546382e+02 2.631143870634191444e+02 2.630722193998449256e+02 2.630642049452837909e+02 2.630529758228975084e+02
2.630000000000000000e+02 2.629984754289899342e+02 2.630270516531808198e+02 2.630609531947544610e+02 2.630655085972377378e+02 2.630645738874163158e+02 2.630654541015625227e+02 2.630541355678013247e+02 2.630014003208705162e+02 2.627974818638392662e+02 2.633435559953962297e+02 2.637663151332310463e+02 2.639902548653738563e+02 2.641328295026506794e+02 2.642351331438337070e+02 2.641766998291015511e+02 2.638875967843192143e+02 2.635340641566685349e+02 2.632807730538504529e+02 2.631663460867745812e+02 2.631209686279296989e+02 2.630911616734096015e+02 2.630834904261997735e+02 2.630849591936383831e+02
2.630000000000000000e+02 2.629955184038947777e+02 2.630215463077320805e+02 2.630456973805146959e+02 2.630474126479205097e+02 2.630362508437212909e+02 2.630297514971564965e+02 2.629911193847656250e+02 2.628198242187500000e+02 2.624883817784926237e+02 2.629199416216682152e+02 2.633058350506950660e+02 2.635383044972139146e+02 2.637302564733168424e+02 2.639053618487189965e+02 2.639470721974092271e+02 2.637535566442152799e+02 2.634493071612189965e+02 2.632200209673713402e+02 2.631232039507697777e+02 2.630890583711511681e+02 2.630648040771484375e+02 2.630559270522173847e+02 2.630486948349896466e+02
3.030000000000000000e+02 3.029847638811384058e+02 3.029943167550223393e+02 3.029991080147879643e+02 3.029969002859933198e+02 3.030037039620535779e+02 3.030832467215402062e+02 3.031189880371093750e+02 3.031094709123884172e+02 3.031044817243303555e+02 3.036654113769531023e+02 3.040950674874441688e+02 3.042900033133370812e+02 3.044085370744977581e+02 3.044700230189732224e+02 3.043584420340401948e+02 3.040537920270647305e+02 3.036733224051339448e+02 3.033736973353794610e+02 3.032156703404018003e+02 3.031474504743303555e+02 3.031025826590401948e+02 3.030837088448660666e+02 3.030735874720982110e+02
3.030000000000000000e+02 3.029773283927671628e+02 3.029806055868825752e+02 3.029929366573210814e+02 3.029765792354460814e+02 3.029731937531502126e+02 3.030316969348538123e+02 3.030834921559979875e+02 3.032386474609375000e+02 3.033744181971396188e+02 3.040880845592868127e+02 3.045403590048513252e+02 3.047558977680821499e+02 3.048550474105342687e+02 3.048687389742943310e+02 3.046676458543346939e+02 3.042118057743195436e+02 3.037387931577620748e+02 3.033717995920488875e+02 3.031979468560987812e+02 3.031139339323966624e+02 3.030639589371219813e+02 3.030487848097278061e+02 3.030384039109753189e+02
3.030000000000000000e+02 3.029767150878906250e+02 3.029921497163318236e+02 3.030246916271391342e+02 3.030201953706286986e+02 3.030126473563058198e+02 3.030276649111793290e+02 3.030461542038690368e+02 3.032250918433779816e+02 3.033492300851004302e+02 3.041278003510974486e+02 3.046670139857700974e+02 3.049339672270275514e+02 3.050465538388206710e+02 3.050544375465029816e+02 3.048321925571986526e+02 3.043142700195312500e+02 3.038272835867745698e+02 3.034371178036644210e+02 3.032469598679315368e+02 3.031578340076264908e+02 3.031015930175781250e+02 3.030793340773809632e+02 3.030624302455357224e+02
3.030000000000000000e+02 3.029772180175781386e+02 3.029954968261718591e+02 3.030276416015624932e+02 3.030322741699218909e+02 3.030227453613281341e+02 3.030230639648437432e+02 3.030267675781249750e+02 3.030911376953125114e+02 3.031097985839844000e+02 3.039402026367187659e+02 3.045452966308593545e+02 3.048755761718750250e+02 3.050156311035156023e+02 3.050392504882812545e+02 3.048251660156249727e+02 3.042984472656249864e+02 3.037664904785156068e+02 3.033899853515624727e+02 3.032123144531249750e+02 3.031248205566406000e+02 3.030738171386718705e+02 3.030453942871093886e+02 3.030199682617187591e+02
3.030000000000000000e+02 3.029877084585336320e+02 3.030065049391526486e+02 3.030262216421273820e+02 3.030251269218248922e+02 3.030120794834234630e+02 3.029986016689202870e+02 3.029606972718850102e+02 3.028403351612579968e+02 3.027929890950520644e+02 3.036567938388922130e+02 3.043415511693709732e+02 3.047363148224659426e+02 3.049270653357872334e+02 3.049891858223157328e+02 3.048137433956831046e+02 3.043176699907351690e+02 3.038193875826322028e+02 3.034026199732071518e+02 3.032108099521734630e+02 3.031287145370092162e+02 3.030924713917267468e+02 3.030689963316306148e+02 3.030533650716145644e+02
