1.000000000000000000e+00 1.000116920189284553e+00 9.991471888364819032e-01 9.994976290209686143e-01 9.979227629590980975e-01 9.986938938715964609e-01 9.985380104388571487e-01 1.000345201372900394e+00 1.007670037875618263e+00 1.013747991532300663e+00 1.022182454561198162e+00 1.025165157197031940e+00 1.026864331051700718e+00 1.026599369980281784e+00 1.023353604615180101e+00 1.016853947191340479e+00 1.011048890873381456e+00 1.006455106641066966e+00 1.004427696609098364e+00 1.003120721102597646e+00 1.002922133939574856e+00 1.003218802028037482e+00 1.003077418905133911e+00 1.003686245103973862e+00
9.999999999999998890e-01 9.997994672659963333e-01 9.991456619654440763e-01 9.999250031486165424e-01 1.000236717023298416e+00 1.001069939269235265e+00 1.001247494798535920e+00 9.989340849671175526e-01 9.926558983438820150e-01 9.874206722717265849e-01 9.861037541518183902e-01 9.862744334125764789e-01 9.866833593587269746e-01 9.871401436825349984e-01 9.889391309164491384e-01 9.920527997824596378e-01 9.956131739761655552e-01 9.972360008463643233e-01 9.973297335748525505e-01 9.970325424637631606e-01 9.975060401878029781e-01 9.973855213413955756e-01 9.978849829289170303e-01 9.973542094452504392e-01
1.000000000000000000e+00 1.000660219298485476e+00 9.997245819554489987e-01 1.000751103853566359e+00 1.000752668302482551e+00 1.001555933028593026e+00 1.001546426644194465e+00 9.992904605613014413e-01 9.882676831184241673e-01 9.809896249682672487e-01 9.801121952624043399e-01 9.816675586338724502e-01 9.844779055702781445e-01 9.886351914878833691e-01 9.935946129486550316e-01 9.979049605094659769e-01 9.999947656794452300e-01 1.002073994716278449e+00 1.002813830991186039e+00 1.003358907234458419e+00 1.003445409023260959e+00 1.003868178389109023e+00 1.003921662794135417e+00 1.003420774736174748e+00
1.000000000000000000e+00 9.997926502424479001e-01 9.996977453943185488e-01 9.992931132012875528e-01 9.986160910118418998e-01 9.979112167089840835e-01 9.972772786002794820e-01 9.952873319832789001e-01 9.896413135267859706e-01 9.855435084205148577e-01 9.828829200218782702e-01 9.810707902884979736e-01 9.807906785710567288e-01 9.827997436081851168e-01 9.867959413099411936e-01 9.912342532267075512e-01 9.948115740712492050e-01 9.968978747742424096e-01 9.961572636619437926e-01 9.955308944244292135e-01 9.955722250421497055e-01 9.957165122670906809e-01 9.959970662396983032e-01 9.957487355503187310e-01
1.000000000000000000e+00 1.000093501487869574e+00 9.998219531475062150e-01 9.998438817843472437e-01 1.000294507087269746e+00 1.000277563438449979e+00 1.000562689460516852e+00 1.000778812672963314e+00 9.978978138665176578e-01 9.911722571284722338e-01 9.868442999987605546e-01 9.837206655668805366e-01 9.818062777535883079e-01 9.827773815068435725e-01 9.870986305162858798e-01 9.915237079761063388e-01 9.953542018878048792e-01 9.975943449034330168e-01 9.981556229877110997e-01 9.975565774058833268e-01 9.974435308595904770e-01 9.979143755809418703e-01 9.974245646069750393e-01 9.980448428172635777e-01
1.000000000000000000e+00 1.000732335129096429e+00 1.000701143667584114e+00 1.001243821579292703e+00 1.001853756682448582e+00 1.001402244024037103e+00 1.001719263448555663e+00 1.001730918127363479e+00 1.002806027443052139e+00 1.000541613994327728e+00 9.977065828403789416e-01 9.947977606838694919e-01 9.950127934428406595e-01 9.960621634378712397e-01 9.969432589388517174e-01 9.979068634073166022e-01 9.973935159242810489e-01 9.972232836052736804e-01 9.976040883908486867e-01 9.978098521439217050e-01 9.981163967824145944e-01 9.986117737155446594e-01 9.993074365789126334e-01 1.000069452176572504e+00
1.000000000000000000e+00 9.996619144949127067e-01 9.995131033673380072e-01 9.995233153885564326e-01 9.998898600888727062e-01 1.000473947172649369e+00 1.000331863959396772e+00 9.973724616551848943e-01 9.928061012954469966e-01 9.925952342685279151e-01 9.960728652427488505e-01 9.997349347734193481e-01 1.001587329861352460e+00 1.003078138006350262e+00 1.003231603757855694e+00 1.003922857976816685e+00 1.003863184982417556e+00 1.003456896793827102e+00 1.003541159698450036e+00 1.002922111105643665e+00 1.001983403648319726e+00 1.001820492198970625e+00 1.001432091863800000e+00 1.001103028755140567e+00
1.000000000000000000e+00 9.999115068869843803e-01 9.999928182893915718e-01 9.998214811001492341e-01 1.000183190913387588e+00 1.000084701488522576e+00 1.000383966960885163e+00 1.000573187689091981e+00 9.949940984770638819e-01 9.914929423243482587e-01 9.904064619271797376e-01 9.900535604262342693e-01 9.905189014623750898e-01 9.916445257520998258e-01 9.933238710730285526e-01 9.940789488041558153e-01 9.945046762572845589e-01 9.946701810220380802e-01 9.957624266552287384e-01 9.967552054011311613e-01 9.974722939382795195e-01 9.979424980141207158e-01 9.985743247584701887e-01 9.982038956192635926e-01
1.000000000000000222e+00 1.000522423127644389e+00 1.000377236627278732e+00 1.000074514096462641e+00 9.985303820706010747e-01 9.986791457228003654e-01 9.985453242571318277e-01 9.991042600491082393e-01 9.966338412727832052e-01 9.924735308019113633e-01 9.907892607977496491e-01 9.900636733612083740e-01 9.894896268395043659e-01 9.901731935814311880e-01 9.920173086272929819e-01 9.935301290761656690e-01 9.941418990227918195e-01 9.952053199599171229e-01 9.962488328852164843e-01 9.967751045592880832e-01 9.970227560873842210e-01 9.971639938016568783e-01 9.970060126229147723e-01 9.964384391893226223e-01
1.000000000000000000e+00 9.999343071073598654e-01 9.992405886667425907e-01 9.993375161183832844e-01 9.988984066207351464e-01 9.986705853033696068e-01 9.983254024357265388e-01 9.990422562951113417e-01 9.984905771057720480e-01 9.938880156926647169e-01 9.855495092447843497e-01 9.804216534249017290e-01 9.785385610697086012e-01 9.797045006538136480e-01 9.813684557203153913e-01 9.843534145166602523e-01 9.864500236243406439e-01 9.903574461003057383e-01 9.935028041801720056e-01 9.948870905859719116e-01 9.957360508796997411e-01 9.964287950613859302e-01 9.964821308192733929e-01 9.967035670076048737e-01
