9.999999999999998890e-01 9.995689300915089337e-01 9.981209985304535515e-01 9.995711875263431079e-01 9.986169244161268166e-01 9.985887746368211637e-01 9.978889360989355861e-01 9.988079148767284865e-01 1.004786945636384043e+00 1.015981459357238048e+00 1.027270546608775703e+00 1.034716330875298462e+00 1.038631816324918633e+00 1.037742544144762968e+00 1.034555725896753264e+00 1.027732046586978365e+00 1.019096640386247365e+00 1.013196607484492917e+00 1.008619296836607226e+00 1.006116708626667133e+00 1.005556853930968941e+00 1.005625009877794573e+00 1.005259944487963963e+00 1.004581890053576565e+00
1.000000000000000000e+00 1.000086442440998313e+00 1.000866555441179750e+00 1.000325749032117129e+00 1.000499582029343637e+00 1.000116770442802672e+00 9.997778735931953653e-01 1.000094321309579426e+00 9.965222135115365809e-01 9.888603516811746985e-01 9.838157863269667569e-01 9.833698791819368568e-01 9.844516308567820007e-01 9.861407881768168293e-01 9.881948432349091371e-01 9.914176307223472318e-01 9.928467376621261664e-01 9.941383654439314155e-01 9.942616297451628560e-01 9.948438902115623872e-01 9.952870445192507631e-01 9.955743155384213505e-01 9.957119513193403160e-01 9.950621490438034122e-01
1.000000000000000000e+00 1.000199610373314840e+00 1.000177978449316996e+00 1.000433332944190123e+00 9.997903182454392912e-01 1.000333611104082809e+00 1.000405650154043702e+00 9.990145013831152054e-01 9.928847398751160513e-01 9.849647038986404368e-01 9.838212133272249416e-01 9.833436486897781936e-01 9.858619192377332530e-01 9.887993656065936499e-01 9.938873277812358964e-01 9.965043750026725267e-01 1.000827175236260747e+00 1.002855111663640164e+00 1.002691014588839913e+00 1.002133448854846565e+00 1.002515618934994857e+00 1.002800708581957245e+00 1.002477592289792163e+00 1.002598321426278583e+00
1.000000000000000000e+00 9.997564039097480704e-01 9.995523879383627630e-01 9.992049311779382936e-01 9.985892287599985595e-01 9.981005928400500382e-01 9.981812233510313215e-01 9.973492136691408660e-01 9.954501028924654937e-01 9.902272924739583537e-01 9.839574690492810527e-01 9.834889773920331146e-01 9.847302184116624169e-01 9.868738220490776980e-01 9.888481768664502125e-01 9.914400093424466931e-01 9.948039343867912665e-01 9.956925925188579996e-01 9.959333278257083144e-01 9.964279121142254336e-01 9.960546103092998704e-01 9.958761490861884891e-01 9.958675910721619395e-01 9.956983133851385892e-01
1.000000000000000000e+00 9.997157107541835286e-01 9.993213580307858113e-01 9.992468209409690605e-01 9.992161868362412491e-01 1.000116814795015019e+00 1.000096417978150409e+00 9.993911679730435038e-01 9.936305389605989413e-01 9.874987511698043452e-01 9.886889003773763340e-01 9.883581000915276915e-01 9.896933185202068106e-01 9.935572741836414812e-01 9.994897851792756693e-01 1.002023178514761526e+00 1.002515813979428350e+00 1.001969920430045180e+00 1.000766953511717183e+00 1.000217170413958634e+00 9.998170857139754286e-01 9.997063069165943450e-01 9.994869023213882597e-01 9.997148237306671126e-01
9.999999999999998890e-01 1.000862179834891119e+00 1.000112904366656785e+00 1.000497079032606429e+00 1.001061251576918387e+00 9.998754597307386582e-01 9.994973392446641069e-01 1.000441797124428378e+00 1.006792735347024736e+00 1.010977944409497731e+00 1.015980996001629499e+00 1.018104667846752243e+00 1.018471892453464811e+00 1.018640164229396960e+00 1.016552725706312943e+00 1.014653147088024454e+00 1.011163711453970437e+00 1.008536016361574639e+00 1.005380467439926484e+00 1.003736164239169559e+00 1.003457807413976610e+00 1.002537162885781541e+00 1.003155096849403849e+00 1.004067779631175217e+00
9.999999999999998890e-01 1.000453218100754382e+00 1.000647603004871211e+00 1.000830753986464261e+00 1.000564466848980594e+00 1.000071638315986444e+00 9.973561989793300331e-01 9.939252004306341481e-01 9.899237047956294111e-01 9.895987360406276467e-01 9.934032761798081701e-01 9.958083832190943729e-01 9.978196433738453219e-01 9.993113485465550117e-01 1.000857664805492320e+00 1.002183518120208561e+00 1.003824892816885583e+00 1.004678650776104520e+00 1.004823772637179147e+00 1.005432817950638436e+00 1.005438247338221069e+00 1.005460456753375142e+00 1.005622461261024725e+00 1.005139366857858096e+00
1.000000000000000000e+00 1.000487042579783159e+00 1.000810164359231536e+00 1.000797732210612301e+00 1.001171954829219723e+00 1.001531145717593052e+00 1.002111061421204097e+00 1.000753496504180662e+00 9.929997920322750637e-01 9.874045953988815905e-01 9.871386491025241350e-01 9.881027914865336825e-01 9.900556713238358730e-01 9.924565436133258034e-01 9.960352702658603619e-01 9.996690992156209710e-01 9.994842177216025636e-01 1.000949192425196532e+00 1.001416911516723074e+00 1.002464330531923853e+00 1.003423281893724761e+00 1.003346029345592472e+00 1.003490572625745036e+00 1.003537807938378990e+00
9.999999999999998890e-01 9.999220198658553826e-01 1.000364161818492192e+00 1.001088948500367115e+00 1.000839107118243421e+00 1.001166275431400354e+00 1.001140938857095763e+00 9.990850325241931174e-01 9.922356689782053651e-01 9.852507043369955753e-01 9.817443385667191658e-01 9.784725448696290906e-01 9.759133858666932948e-01 9.786878893743087282e-01 9.837158797018096257e-01 9.891892286320934646e-01 9.940416512470584554e-01 9.966643667980660259e-01 9.976467906793924367e-01 9.981893911431704014e-01 9.977436538903128316e-01 9.977783171268707063e-01 9.977460885636286747e-01 9.982876797311368566e-01
1.000000000000000000e+00 9.994078211795320854e-01 9.991755457438841193e-01 9.980879208526086677e-01 9.980540558571335819e-01 9.986881251690939987e-01 1.000529074804259233e+00 1.000639681072086340e+00 9.992265118989029915e-01 9.940952673028611297e-01 9.881966756176687738e-01 9.850865946657159089e-01 9.839557129721102635e-01 9.845419568158633172e-01 9.858182377732731538e-01 9.874708258687235896e-01 9.904085241577197385e-01 9.934232524818976673e-01 9.944536097429764743e-01 9.942310304886831096e-01 9.940548464071066181e-01 9.938532155645215527e-01 9.943331829024111279e-01 9.951819240157253610e-01
1.000000000000000222e+00 9.999887258181070493e-01 1.001389870856343123e+00 1.001673785637392289e+00 1.001904913765354621e+00 1.002051962808475860e+00 1.001695333983999570e+00 1.001626149608735528e+00 1.000359991545883398e+00 9.974741625686746049e-01 9.938595581957709868e-01 9.904968569130375711e-01 9.898310533405814127e-01 9.893941118458529083e-01 9.904516815353250347e-01 9.912757087475380091e-01 9.939998215521529401e-01 9.954047639884435750e-01 9.971527067054027915e-01 9.987942240160605500e-01 9.986296210145475527e-01 9.988151278555884582e-01 9.989235524617239292e-01 9.990439294259102487e-01
9.999999999999998890e-01 1.000220530476575442e+00 1.000040896582323313e+00 1.000296034220435448e+00 1.000115099091843263e+00 1.000863038561198293e+00 1.000656226005011806e+00 1.000654647732040603e+00 9.982221797086902049e-01 9.982894937314857886e-01 1.002642585399464714e+00 1.007149791778742420e+00 1.007694063907337734e+00 1.006822225487373990e+00 1.006009945448184562e+00 1.004383574651144473e+00 1.004112452137424283e+00 1.004654881617546680e+00 1.003988169540183328e+00 1.003856297087890370e+00 1.003829761249517727e+00 1.003109269014453853e+00 1.003114975361881100e+00 1.002892959011969509e+00
9.999999999999998890e-01 1.000624501663872623e+00 1.000657835247330096e+00 1.000138476758704931e+00 9.992153002467270007e-01 9.990599828760878820e-01 9.984711953637886994e-01 9.983588153156450762e-01 9.998874096189518390e-01 1.000295846680696599e+00 1.000302213233172477e+00 9.995359193974948653e-01 9.997790751023536426e-01 1.000541638889033580e+00 1.001487261040064247e+00 1.000508186599715854e+00 9.984575025206959831e-01 9.971692399221450120e-01 9.974523349091455326e-01 9.966403765553280003e-01 9.958443748923593297e-01 9.962569471218145623e-01 9.963969564017526315e-01 9.954635945193853752e-01
1.000000000000000000e+00 9.998066513106809161e-01 9.991359589271333608e-01 9.997526135997719665e-01 9.988963480401730211e-01 9.993822501956928228e-01 1.000370827655559847e+00 1.000565894021095970e+00 9.967803102861493292e-01 9.948268241738560391e-01 1.005480701507829977e+00 1.013696315492205180e+00 1.016922899900136734e+00 1.018220943753245677e+00 1.015877090670765259e+00 1.010842024382738291e+00 1.005618283095226495e+00 1.004027029610733646e+00 1.003486095332778882e+00 1.003647755296770416e+00 1.004187126821293852e+00 1.003790854928743981e+00 1.003191795361043859e+00 1.003313541003009401e+00
1.000000000000000000e+00 1.000013625556878116e+00 1.000429255647247162e+00 1.000460542477271675e+00 9.998628034466223724e-01 1.000175388655639264e+00 1.000949671818639697e+00 1.001151545898891770e+00 1.000663432382405293e+00 9.993766780429146346e-01 9.921890598045963738e-01 9.866298507018013142e-01 9.865202519021724070e-01 9.877050668855004156e-01 9.900645368962985859e-01 9.920944413347697610e-01 9.938594870063079956e-01 9.968722719541207589e-01 9.983690426288390762e-01 9.986343050126623710e-01 9.989091646849395101e-01 9.995991508992353447e-01 1.000625040516587960e+00 1.001682242056449734e+00
