2.230000000000000000e+02 2.229969520568847656e+02 2.230050497055053711e+02 2.230145673751831055e+02 2.230168857574462891e+02 2.230101041793823242e+02 2.230241203308105469e+02 2.230001630783081055e+02 2.230100660324096680e+02 2.230261650085449219e+02 2.234500446319580078e+02 2.236583280563354492e+02 2.236755652427673340e+02 2.236770811080932617e+02 2.237083649635314941e+02 2.236661157608032227e+02 2.234762434959411621e+02 2.232656373977661133e+02 2.231094274520874023e+02 2.230342059135437012e+02 2.230150966644287109e+02 2.230054626464843750e+02 2.229959287643432617e+02 2.229857659339904785e+02
2.230000000000000000e+02 2.229838031969572398e+02 2.229894079911081519e+02 2.229982460423519797e+02 2.230092287565532558e+02 2.230106775384200262e+02 2.230121741043894019e+02 2.229848263389185945e+02 2.228707941958778918e+02 2.226642845555355734e+02 2.230134831478721082e+02 2.233258470234117965e+02 2.234600083200555218e+02 2.235810819927014848e+02 2.237519924766139070e+02 2.238480256733141402e+02 2.237139888562654164e+02 2.234516605577970836e+02 2.232358751798930996e+02 2.231245370162160668e+02 2.230837297941509121e+02 2.230607833862304688e+02 2.230554468255294012e+02 2.230474138761821621e+02
2.230000000000000000e+02 2.229939696368049056e+02 2.229846213845645764e+02 2.229874218211454604e+02 2.229884473015280264e+02 2.229898156558766118e+02 2.229901284610523930e+02 2.229696619370404278e+02 2.227829594331629153e+02 2.224289097505457278e+02 2.227639783971449958e+02 2.231679889454561021e+02 2.233707248463350084e+02 2.235445000143612049e+02 2.237875850901884291e+02 2.239392202040728534e+02 2.237999222699333757e+02 2.235027622896082278e+02 2.232473270191865709e+02 2.231062729779411882e+02 2.230492172241210938e+02 2.230140448177562007e+02 2.230089919146369368e+02 2.229964711806353534e+02
2.230000000000000000e+02 2.229967775087098687e+02 2.230004891060494003e+02 2.229961180815825514e+02 2.229994325380067437e+02 2.230057022507126305e+02 2.230159095557960427e+02 2.229968269966744003e+02 2.227515304153029945e+02 2.221492561134132302e+02 2.222186262800886709e+02 2.225177888612489312e+02 2.227248044400601827e+02 2.229246347788217975e+02 2.232060975770692437e+02 2.234784244846653394e+02 2.235146554482949739e+02 2.233451373126055728e+02 2.231642773602459897e+02 2.230571833430109905e+02 2.230329565099767706e+02 2.230207107131545570e+02 2.230267020560599747e+02 2.230173339843750000e+02
2.230000000000000000e+02 2.229937968783908389e+02 2.230022735595703125e+02 2.230079803466796875e+02 2.230291803148057852e+02 2.230495414733886719e+02 2.230675226847330634e+02 2.230588544209798272e+02 2.229297989739312129e+02 2.223589062160915830e+02 2.221894348992241817e+02 2.222562510172525947e+02 2.223191396925184335e+02 2.224391678704155879e+02 2.227088165283203125e+02 2.230557509528265996e+02 2.232215525309244697e+02 2.231876653035481866e+02 2.230923470391167598e+02 2.230368105570475166e+02 2.230294757419162295e+02 2.230347777472601933e+02 2.230554440816243584e+02 2.230508003234863281e+02
2.630000000000000000e+02 2.629915841592325023e+02 2.629842525172878140e+02 2.629939740155194272e+02 2.629956335119298956e+02 2.629937109045080206e+02 2.630047689901815602e+02 2.630012990590688560e+02 2.630020042625633323e+02 2.629871195200327065e+02 2.633721692884290633e+02 2.636824324324324493e+02 2.637741340431007302e+02 2.638441859064875530e+02 2.639326031659100522e+02 2.639319342535895316e+02 2.637236233273068251e+02 2.634244487865551037e+02 2.631961562697952104e+02 2.630907258729677096e+02 2.630466556033572374e+02 2.630258096230996898e+02 2.630143589329074985e+02 2.630033288904138544e+02
2.630000000000000000e+02 2.629913971844841285e+02 2.629910062902113737e+02 2.630044295367072777e+02 2.630099424474379362e+02 2.630104414995979027e+02 2.630159153657800744e+02 2.630176598044002958e+02 2.630183980605181659e+02 2.630879368501550744e+02 2.636105624928193834e+02 2.640153848984662091e+02 2.641546725104836923e+02 2.642307429594152381e+02 2.643063857134650902e+02 2.642513306561638160e+02 2.639830869786879362e+02 2.636142847397748028e+02 2.633234764547909208e+02 2.631707117417279278e+02 2.631193901510799833e+02 2.630900290994082980e+02 2.630720686071059049e+02 2.630556689991670396e+02
2.630000000000000000e+02 2.629835857044566865e+02 2.629862245501893767e+02 2.629861972693241228e+02 2.629993096553918122e+02 2.630073750813801894e+02 2.630168974905303116e+02 2.630348950010357498e+02 2.630993758692885649e+02 2.630620685924183135e+02 2.635817898837003099e+02 2.640924816709576248e+02 2.643308197946259384e+02 2.644567390210700637e+02 2.645598195393880019e+02 2.645118116898970015e+02 2.641684218897963774e+02 2.637253385601621858e+02 2.633637135823567519e+02 2.631799094460227479e+02 2.631079221783262483e+02 2.630702223344282515e+02 2.630535208962180604e+02 2.630274209687204348e+02
2.630000000000000000e+02 2.629849819607204608e+02 2.629983278910319200e+02 2.630134510464138202e+02 2.630505087110731210e+02 2.630644344753688983e+02 2.630744255913628535e+02 2.630882263183593750e+02 2.630642687479655137e+02 2.628072191874186387e+02 2.631754603915744610e+02 2.636730126274956660e+02 2.639371600680881329e+02 2.640888765123155508e+02 2.642304174635145273e+02 2.642582465277777715e+02 2.640157932705349140e+02 2.636464996337890625e+02 2.633366228739420762e+02 2.631671693589952383e+02 2.631031985812717267e+02 2.630757535298665175e+02 2.630673857794867558e+02 2.630519629584418340e+02
2.630000000000000000e+02 2.629924464506261756e+02 2.630026936250574181e+02 2.630144047456628869e+02 2.630347635605755841e+02 2.630418001062730013e+02 2.630567752613740709e+02 2.630526342952952632e+02 2.629477130665498521e+02 2.625696981093462909e+02 2.628226529289694327e+02 2.632542015524471708e+02 2.635140641156364723e+02 2.637010682049919410e+02 2.638905747357536598e+02 2.640094375610351562e+02 2.638665735581341778e+02 2.635536391314338402e+02 2.632788637946633798e+02 2.631373600679285119e+02 2.630781878303079111e+02 2.630590658748851070e+02 2.630512197157916034e+02 2.630376380471622042e+02
3.030000000000000000e+02 3.029863110710592764e+02 3.029790909711052223e+02 3.029758408490349098e+02 3.029814165900735361e+02 3.029841389375574181e+02 3.030013302073759291e+02 3.030544065587660612e+02 3.030969758875230013e+02 3.030582257439108389e+02 3.035188356287339388e+02 3.040373974968405264e+02 3.042754794850068834e+02 3.043929192038143583e+02 3.044771863151999014e+02 3.044403659596162584e+02 3.041631774902343750e+02 3.037909357407513653e+02 3.034442964441636263e+02 3.032218699735753944e+02 3.031269603056066444e+02 3.030822807760799833e+02 3.030699543672449181e+02 3.030507444493910612e+02
3.030000000000000000e+02 3.029886208811113875e+02 3.029787036526587940e+02 3.029785628780242064e+02 3.029718371975806690e+02 3.029683266916582625e+02 3.029684556530368127e+02 3.030221508395287060e+02 3.031678407730594813e+02 3.032992356823336877e+02 3.039366494455645125e+02 3.044880794402091624e+02 3.047382970010080498e+02 3.048397138041834751e+02 3.048885025516632936e+02 3.047815669890372874e+02 3.043814057380922122e+02 3.038920278241557185e+02 3.034700159872732002e+02 3.032282813287550312e+02 3.031182457708543438e+02 3.030654966292842687e+02 3.030379294118573625e+02 3.030087171985256873e+02
3.030000000000000000e+02 3.029867719014485488e+02 3.029927406311035156e+02 3.029988759358723769e+02 3.030116564432780137e+02 3.030198822021484375e+02 3.030336329142252794e+02 3.030587209065755019e+02 3.031987838745117188e+02 3.033086407979329238e+02 3.039757512410481581e+02 3.046121266682942519e+02 3.049192988077799669e+02 3.050530242919921875e+02 3.051105524698893419e+02 3.049777323404948106e+02 3.045286827087402344e+02 3.039789911905924669e+02 3.035311431884765625e+02 3.032722663879394531e+02 3.031525192260742188e+02 3.030881156921386719e+02 3.030607655843098769e+02 3.030299479166666856e+02
3.030000000000000000e+02 3.029842605590820312e+02 3.029838994344075331e+02 3.029969736735026231e+02 3.030210940043131700e+02 3.030364176432291856e+02 3.030519701639811387e+02 3.030851478576660156e+02 3.031620724995930800e+02 3.031149495442708144e+02 3.037796503702799669e+02 3.044927851359049669e+02 3.048719088236491075e+02 3.050414911905924669e+02 3.051203549702962050e+02 3.050165583292643419e+02 3.045605494181315294e+02 3.039917221069335938e+02 3.035251096089680800e+02 3.032804031372070312e+02 3.031650466918945312e+02 3.031003316243489394e+02 3.030647366841633925e+02 3.030319048563639512e+02
3.030000000000000000e+02 3.029865989685058594e+02 3.029917396545409929e+02 3.029931442260742074e+02 3.030055038452148324e+02 3.030174842834472884e+02 3.030297309875488168e+02 3.030341545104980696e+02 3.029662483215332145e+02 3.027595558166503906e+02 3.034422027587890511e+02 3.042351264953613281e+02 3.046667755126953239e+02 3.048948287963867188e+02 3.050122772216797102e+02 3.049320983886718750e+02 3.045053436279296761e+02 3.039949584960937727e+02 3.035247406005859148e+02 3.032720054626464616e+02 3.031665367126464616e+02 3.031105010986328239e+02 3.030799018859863168e+02 3.030556686401367301e+02
