1.000000000000000000e+00 1.000885819013711098e+00 9.999479236971997587e-01 9.994789568258692913e-01 9.993866564354876303e-01 9.988281106940746223e-01 9.998186062781376782e-01 1.000397968736542298e+00 9.998585046652197494e-01 9.980134433544324279e-01 9.956563691412709804e-01 9.934839943123547901e-01 9.934770725169860262e-01 9.934564041479302388e-01 9.963611146089896842e-01 9.989869975619185549e-01 9.994696901070914130e-01 1.001462811026821109e+00 1.001015192963132572e+00 1.000481136158513307e+00 1.001016672692875975e+00 1.001207625106752763e+00 1.001003659302118987e+00 1.000269001877664321e+00
1.000000000000000222e+00 9.993278675893050300e-01 9.987872745815472575e-01 9.991776053264236346e-01 9.988676090283006292e-01 9.993185654259638673e-01 9.988020444612674131e-01 9.992731733086369639e-01 1.003915520357376190e+00 1.013625211217543232e+00 1.018250430440167831e+00 1.018523759886584612e+00 1.017085355481880837e+00 1.014310592337902106e+00 1.010707763228533285e+00 1.006076216566585524e+00 1.003387900603815774e+00 1.001469377430760810e+00 1.000692629617634610e+00 1.000377258549806081e+00 1.000747108577989097e+00 1.000062340186790522e+00 9.993899353981652300e-01 9.993885067825377666e-01
1.000000000000000000e+00 1.000399130717097407e+00 9.997985824242250352e-01 9.998100488731225255e-01 1.000043535324833588e+00 1.000414485388786856e+00 1.000473932938976462e+00 1.000678032006428575e+00 1.005798271418750778e+00 1.016695411066414367e+00 1.021887502569073014e+00 1.021633684613558080e+00 1.021874349414914285e+00 1.020075278943861408e+00 1.015709423933000677e+00 1.010694409613621225e+00 1.005236285679858899e+00 1.002698032477252532e+00 1.000581143979817567e+00 9.996892193335841226e-01 9.991647634502214270e-01 9.991037012791561533e-01 9.989063537471055687e-01 9.988925119758151894e-01
1.000000000000000000e+00 1.000324755931859766e+00 1.000653626414449882e+00 1.000918243091350579e+00 1.001434638394014698e+00 1.001824029415600226e+00 1.002028466764708359e+00 1.002984985271240026e+00 1.005986207275301192e+00 1.007702215928310885e+00 1.008380534030473008e+00 1.008503092472253337e+00 1.007821312170739336e+00 1.006452627059926774e+00 1.005452434393147021e+00 1.003483277080098768e+00 1.001798267976150569e+00 1.000692494644183528e+00 9.996977318131705648e-01 9.993386290850138076e-01 9.992801475074146733e-01 9.992782384798809536e-01 9.991911575861545103e-01 9.989706831958292677e-01
1.000000000000000000e+00 1.000504025730809765e+00 1.000340469482553507e+00 1.000569353021047325e+00 1.000272612895977353e+00 9.998731814939328943e-01 1.000043911520461126e+00 1.000453156340209704e+00 1.001426445614287841e+00 1.000153629965496949e+00 1.001563126811205517e+00 1.003069740408104593e+00 1.003687270153447386e+00 1.003052805151206872e+00 1.002880713424777692e+00 1.004498989183473245e+00 1.004968669126740766e+00 1.003188215435127484e+00 1.002066846292924973e+00 1.001868758212506760e+00 1.001800641259996461e+00 1.001526592983534414e+00 1.001778345050200469e+00 1.001755989284852655e+00
1.000000000000000000e+00 1.000040327677307106e+00 9.997921331528267785e-01 9.994282946266104251e-01 9.997764817605562238e-01 1.000215198806613026e+00 9.997074861664299039e-01 1.001880686236826135e+00 1.001625994591104796e+00 9.985448195961917905e-01 1.002950191765565213e+00 1.009195907915192203e+00 1.013027282629420212e+00 1.013783829256138747e+00 1.012957392057170392e+00 1.012212100491073574e+00 1.010475036889761036e+00 1.007828142185762221e+00 1.005782912004613783e+00 1.003091240066823486e+00 1.002078147419297016e+00 1.002028247671858940e+00 1.002271666654559690e+00 1.002477001538216284e+00
1.000000000000000000e+00 1.000036181384339695e+00 9.998163577274294944e-01 9.996875775509550532e-01 9.994152765014456818e-01 9.993808655672767882e-01 9.989975581513522718e-01 1.000638831177792065e+00 1.007406205663236909e+00 1.011104871511234515e+00 1.011162109324430292e+00 1.010739252753945827e+00 1.011413492829714045e+00 1.012305772267391601e+00 1.011164836713231097e+00 1.009057752371934402e+00 1.006166824540884797e+00 1.004651592651383707e+00 1.002764513530005175e+00 1.000601555264332809e+00 9.991771766865139570e-01 9.995879282002895216e-01 9.989873664255102259e-01 9.990841176078296693e-01
1.000000000000000000e+00 1.000091322412789863e+00 1.000168345115349133e+00 1.000273051138243385e+00 9.999373775662212527e-01 9.996360212884517482e-01 9.995035509862436607e-01 9.998379931313569058e-01 1.005767057922495544e+00 1.015031794310135238e+00 1.023275995469092647e+00 1.027452179387218223e+00 1.028980595807239329e+00 1.028293011491679287e+00 1.025250399468174756e+00 1.020341085120283653e+00 1.012567243302144204e+00 1.008292367080939389e+00 1.004300517866077991e+00 1.001831248799421648e+00 1.000647160552686543e+00 9.999331636495756293e-01 9.995537783858149394e-01 9.987383294451999127e-01
9.999999999999998890e-01 1.000197611585509350e+00 9.999186928163421584e-01 1.000780229801392363e+00 1.001048542568157229e+00 1.000807218211403615e+00 1.000965589510316001e+00 1.001316816701330881e+00 1.007787588892887554e+00 1.021574233214434857e+00 1.034424714001348056e+00 1.043095014831414202e+00 1.045788792723621574e+00 1.045017659060930804e+00 1.040745010923116443e+00 1.032767246777152703e+00 1.021691987403284818e+00 1.013538625018137740e+00 1.007235040646423885e+00 1.004001587270396678e+00 1.002516439172759233e+00 1.001858790707370384e+00 1.001345679425205137e+00 1.000927377405087304e+00
1.000000000000000000e+00 9.993048384252357641e-01 9.995438439934346553e-01 1.000315902437887372e+00 1.000549554112350803e+00 1.000105097486451378e+00 1.000077564051557344e+00 1.000801279215872475e+00 1.002174469776126564e+00 1.010027408107632807e+00 1.026756196782980135e+00 1.038799212691633889e+00 1.045011723473704857e+00 1.047357868876541920e+00 1.046194046300852110e+00 1.038465016235607941e+00 1.027992901026501205e+00 1.019215820034993003e+00 1.010816396482884683e+00 1.005948847771574339e+00 1.003897054168553460e+00 1.002098751653632158e+00 1.001262838710572645e+00 1.000670713659042699e+00
1.000000000000000000e+00 9.993936064733105473e-01 9.993604517632176387e-01 9.990156327307752049e-01 9.994196379486999238e-01 9.994752552885088903e-01 1.000407109701153319e+00 1.000593617180930650e+00 1.000170371097085065e+00 1.001219751174204919e+00 1.002789727609966208e+00 1.007199743954160009e+00 1.008995897120479768e+00 1.008445254790768075e+00 1.006979752125583882e+00 1.005691521825427648e+00 1.004259037557741818e+00 1.002935436176280115e+00 1.001437887902643542e+00 1.000169218908692370e+00 9.993553954273950435e-01 9.990706557235173868e-01 9.990708143547729625e-01 9.984603493388072293e-01
1.000000000000000000e+00 9.996929281500043230e-01 1.000139479763231476e+00 9.998881429741844906e-01 1.000046062019275483e+00 9.998336967091852046e-01 9.994038962760644074e-01 9.996903880565817246e-01 1.000589059986942475e+00 1.002835165353458180e+00 1.005907903691921623e+00 1.011666662952062756e+00 1.015400819222908035e+00 1.017699482938359212e+00 1.018533500090764932e+00 1.017899520242548927e+00 1.014535683020713286e+00 1.010314401409565965e+00 1.006787615634538113e+00 1.004517921856789009e+00 1.003250037007805684e+00 1.002527288177174292e+00 1.002198519216347616e+00 1.001678791282218484e+00
1.000000000000000000e+00 1.000404931917286300e+00 1.000614083452143310e+00 1.000637855221312655e+00 1.000958996795478617e+00 1.001317226706761820e+00 1.000985997997342336e+00 1.001122728304113751e+00 1.001969910739940683e+00 1.002173952487109609e+00 1.002959894818668429e+00 1.003262823437335527e+00 1.002482221371398197e+00 1.002040773354234027e+00 1.000985605127450606e+00 1.001771294137851376e+00 1.001626855841080133e+00 1.000744287377973940e+00 9.996179019855738757e-01 1.000599554435421146e+00 1.000806531495664675e+00 1.000425108598840040e+00 1.000412189426044707e+00 1.000510256020544331e+00
1.000000000000000000e+00 9.999286093649761842e-01 9.992804158210727428e-01 9.992355186135920553e-01 9.993321766248191018e-01 9.988486901153097453e-01 9.989924242475850535e-01 9.990589920465198226e-01 9.999259618664080307e-01 1.002925018794226908e+00 1.006894997039492257e+00 1.007174476522809892e+00 1.005346488245855152e+00 1.003872866370888239e+00 1.003253281957714682e+00 1.003422886058968455e+00 1.004730423299315056e+00 1.003737677877950984e+00 1.003110628560904827e+00 1.002018751379569084e+00 1.001618755187157150e+00 1.001209887189410175e+00 1.000437075894452521e+00 1.000214052036761725e+00
1.000000000000000000e+00 1.000449538181279019e+00 9.999623022012157358e-01 9.996890221065635185e-01 9.996969414065198789e-01 9.997503995528402854e-01 9.996824624937730164e-01 9.994583835335971722e-01 1.000140316763643122e+00 1.001009132195471718e+00 1.004318123985871614e+00 1.004795011745460931e+00 1.006098953923938666e+00 1.004956651123573019e+00 1.003304115042850109e+00 1.000937096878863120e+00 9.998391887936494138e-01 9.979637594929219313e-01 9.997462857325248864e-01 9.996523943703347070e-01 9.986818116354756469e-01 9.982911465701609366e-01 9.979535993177388598e-01 9.975878935667553682e-01
