0.000000000000000000e+00
-1.598738093318689824e-02
-1.676997783033529199e-01
-2.415433190502794258e-01
-2.150877900666693654e-01
-1.303620650859049768e-01
-2.651250258578260466e-01
-1.999659037529513683e-01
-1.595192351039442236e-01
-1.924619341982801157e-01
-1.548489509051677038e-01
2.122117057510742588e-01
1.510190321861941243e+00
4.365785275543779598e+00
7.782126831513447307e+00
1.024099536490137830e+01
1.085646609774723537e+01
1.023264212350002822e+01
8.450230508418025366e+00
5.931448883974082875e+00
3.751748997748654446e+00
2.064743896822412328e+00
1.021247392074937643e+00
3.564419147394938259e-01
1.989273877683913824e-02
-2.752015652231440748e-02
-1.619227907687879886e-01
-2.521871384004801264e-01
-2.436034172879259496e-01
-2.598835190881781942e-01
-4.013137162848171569e-01
-3.305916050537137107e-01
-3.290493428918158103e-01
-4.422535960040418490e-01
-3.604814497790662653e-01
-5.248525865769309434e-02
1.070738870524134745e+00
3.795376816399508968e+00
7.389562166431304036e+00
9.925351526043060701e+00
1.067082936195182086e+01
1.012974443703662963e+01
8.448118768764404152e+00
6.084550041174601631e+00
3.836308423150916802e+00
2.148858456309827858e+00
1.092935630822469140e+00
4.645622998973740758e-01
2.012004502936061978e-01
-7.489672832251526025e-02
-2.105907857629095714e-01
-1.330461260638563237e-01
-2.159274962944580656e-01
-2.216299624865885887e-01
-2.120497365540961188e-01
-1.772307542245551149e-01
-1.916818191914387570e-01
-2.520364152690782178e-01
-1.748485273047145905e-01
1.701346807600885025e-01
1.666597434538799272e+00
4.554003241913194167e+00
8.076551671450664216e+00
1.046177624943890194e+01
1.100199542120439489e+01
1.015708549673348493e+01
8.388438290294203625e+00
6.007377277229416279e+00
3.698018011117269133e+00
2.109133668730555744e+00
1.074147721037041592e+00
5.480455931651257995e-01
1.979941582256916910e-01
7.770889103563911882e-02
-3.329662699641931789e-02
-4.072329600851233578e-02
-6.205204101754011742e-02
-8.713832920411511418e-02
-1.042162553328396107e-01
-1.495043552012614296e-01
-1.084480076077473792e-01
-1.054749098186415213e-01
-1.106205018683132230e-01
-6.509532976725211292e-03
6.974837646243082778e-01
3.124385227420684252e+00
6.614768487568131405e+00
9.670240539864613183e+00
1.095235464154009897e+01
1.062065064548538373e+01
9.176779858721921812e+00
6.977900777189033121e+00
4.604133031531184805e+00
2.646547399569132430e+00
1.268038357988150899e+00
5.679110570014431758e-01
2.820009106020182066e-01
1.000170132358967484e-01
3.123355566093743985e-02
-5.961035214198139726e-02
-1.330797349954319087e-01
-6.333376932749297528e-02
-7.412469238572322316e-02
-1.185527267697346759e-01
-1.422247252645073290e-01
-3.023142780832515156e-02
-2.522440796863605755e-02
1.188525572185438611e-01
7.892179859499185435e-01
2.892204775001418593e+00
6.312222760284990741e+00
9.577794843311540518e+00
1.105793199396738657e+01
1.090401808231690772e+01
9.453843164854394132e+00
7.280417872247810784e+00
4.863072204275935562e+00
2.770058865655799618e+00
1.390759820286241455e+00
7.215065240256375301e-01
2.494056761536349864e-01
2.959731775597873593e-02
1.998619745951600579e-02
7.056389072295502635e-03
-1.342748556740695487e-01
-3.449905115441623954e-02
-7.007016259204915110e-02
-5.850041717820369386e-02
-7.833278914340545407e-02
-6.633782611318364553e-02
-3.746355281301273765e-02
-4.441691758358828901e-02
2.693248496477673726e-01
2.002326229409290725e+00
5.082551970735343261e+00
8.597746119728547853e+00
1.057696039178097536e+01
1.082662479207487038e+01
9.907893818988034340e+00
7.877817276507994571e+00
5.375499633499360108e+00
3.178307914226869091e+00
1.690791147063075206e+00
8.497521959135524439e-01
4.033229486972547684e-01
2.295323271449598579e-01
5.509176056291226892e-02
-9.093096786207952031e-02
-1.000065427610866559e-01
-8.673948167249355412e-02
-9.286037906210120596e-02
-1.660328399320394333e-01
-1.153326033338677309e-01
-4.497127105613330650e-02
-4.875324534159608536e-02
7.555152079425184186e-02
7.366101839571123633e-02
1.291995450707937421e+00
3.946603241546202234e+00
7.537814653565587442e+00
1.019406036275549532e+01
1.104500153925447670e+01
1.036979474393630163e+01
8.716122787403122629e+00
6.251935899130886654e+00
3.927600751659515943e+00
2.148438861726201576e+00
1.080249487188791324e+00
4.966307789766547520e-01
1.936098731076958124e-01
1.045398705639512954e-01
-2.398824561398657865e-02
-1.726541226061469869e-01
-2.244831668757243104e-01
-1.416173730922987706e-01
-1.509943296214951991e-01
-2.401831914442898175e-01
-1.662050857061361242e-01
-1.555673418166070299e-01
-1.341527647670301693e-01
-1.523124460633957199e-02
5.282821195095322997e-01
2.708376522885058701e+00
6.512125711923928861e+00
9.817267011956287703e+00
1.124885308792014804e+01
1.105818981325172601e+01
9.656606365831597927e+00
7.223700602784903779e+00
4.697073296438317058e+00
2.780103153373611136e+00
1.393870585429486830e+00
7.538297200263455178e-01
3.252943203841824338e-01
2.513370263304958718e-01
1.753513686264376870e-01
1.622277271898872261e-02
2.832037225554742688e-02
-1.611716311489254719e-02
-5.051958859118110823e-02
