0.000000000000000000e+00
7.722589361053607937e-05
1.879986620325592699e-03
-4.245488495829237430e-03
2.613132009738200045e-03
-2.065308741036009105e-03
4.416927309769805472e-03
1.786774899983127824e-03
4.108424215299066179e-03
1.747294246506220748e-03
1.558234312453770027e-03
5.467319607027508119e-03
1.351152778365274790e-03
-5.029027618689529662e-04
-3.076387251461714170e-03
-5.013542392010439039e-03
-2.249930021719696600e-03
-6.428004383958284620e-03
-1.407887445240776567e-03
3.476833879631873988e-04
-2.113700074555803846e-03
2.854921810621397545e-03
2.998260277779691597e-04
2.505836742651994589e-03
-5.021351752078814226e-04
6.715048424917295514e-04
-7.734270028795681455e-04
5.434513620150128272e-04
1.016818723790116445e-03
-7.922161896239277717e-04
-4.663923350730081745e-04
3.251563878767937824e-04
-1.646807139477201188e-03
-9.100240567331274733e-04
1.174073870905510556e-04
2.604388196363844037e-03
3.004734704523436342e-03
1.784639006644822687e-03
-1.058268403984041056e-04
1.229540351232455550e-03
-1.868038966967400932e-03
3.067076091423800131e-03
2.380886982195790005e-03
6.242615516589904504e-03
3.117403078260764984e-03
3.978501828139521107e-03
2.697166063382300250e-03
6.153074862907888069e-03
-1.062606937460346205e-04
3.325252199057575006e-03
8.651369232052498427e-04
3.409386372688621211e-03
4.345908856176671116e-03
5.354918219945657351e-03
4.917660804971471337e-03
3.637659973538879838e-03
4.281398202609020334e-03
-5.752227754813566633e-04
-5.415190460165679280e-03
1.890265606998469739e-04
1.362332845062395013e-03
-7.884783762818937817e-04
-2.869606077357678229e-03
-2.842306690589080018e-03
-1.737749473141811342e-03
8.677066697494545888e-05
1.290747044805702843e-03
2.863498757327222113e-03
2.106291194506077630e-03
5.574014153955820930e-04
-1.869073540307571429e-03
3.302391465634118509e-03
7.567403361445318010e-04
2.913091530855718789e-03
2.801324237095389764e-03
5.311699753103094231e-03
2.887661050746326546e-03
2.236981168326694028e-03
2.752866156917631313e-03
2.769753063650181278e-03
1.405084085228345669e-03
2.759707690280177334e-03
1.993489327429199837e-03
2.404915782275344853e-03
5.125142819149480300e-04
-2.214587661579849997e-03
-3.187987678553511756e-03
-3.578822786677676726e-03
-2.137795621293322405e-03
-2.985778651134167114e-03
7.454935227658259205e-04
6.190219383048976495e-03
4.124643655357490384e-03
1.816176806761049534e-03
4.057429761764354270e-03
3.126580744982751167e-03
9.946922036987496368e-04
3.109026371576075441e-03
5.149338485850323346e-03
3.385991665930588104e-03
-1.284205871427615954e-04
4.835595777997144830e-03
4.970691031833921088e-03
3.588534426686995626e-03
3.861595041054564480e-03
7.031027146190212303e-03
5.654310394399617197e-03
2.200003514854137043e-03
3.596010053394685553e-03
2.982274451095006870e-03
9.652235502628642161e-04
-1.630220592752732464e-03
-2.472296542537012407e-03
-2.895470410791079353e-03
-7.467283361271318757e-04
4.038840815041129344e-03
3.868703561072587942e-03
-1.174073871047241367e-03
3.377314599237817971e-03
2.358860582114990709e-03
3.325686052381583886e-03
2.632088063127469273e-03
5.519982727223912700e-03
2.380419755519177540e-03
3.887259134466830579e-03
4.713682990879866294e-03
6.664187464816620325e-03
5.585260967476256971e-03
6.572777904475398357e-03
6.419527557239406053e-03
2.506671075994652224e-03
5.838998421741268402e-03
2.656450596544087002e-03
1.230942031238670999e-03
-2.594342822993840527e-03
7.558058828149288172e-04
-2.754534823602945715e-03
4.929241352041567207e-05
2.349182315411031934e-03
3.773022214054755265e-03
4.014044428276881439e-03
6.787835665277176973e-03
4.160820348816371590e-03
4.819676697946802084e-03
4.378714842959563827e-03
5.651707274384699595e-03
6.395565503817815349e-03
4.974462218528558771e-03
4.592170683757614350e-03
2.976200504417153905e-03
4.325784736107681806e-03
4.570711630363995248e-03
5.139226365798733528e-03
-2.929477837582674001e-03
-6.482436290968680848e-04
-1.751999886530461415e-03
5.805691834952781370e-03
2.823984730521332965e-03
3.265947785496137699e-03
4.264711535873984098e-03
1.972630994004498893e-03
2.316176088630625494e-03
6.904275225756386540e-04
2.181281074791362965e-03
3.571614146625464239e-03
4.405346763077658441e-03
5.460177713656881072e-03
6.971722732628774996e-03
8.356582577777563192e-03
1.060334213281878372e-02
9.154271994086804476e-03
1.139993022912988950e-02
7.556023054797928601e-03
8.340730244385185024e-03
8.381846191218424863e-03
7.960841589655265338e-03
6.836594105463016449e-03
7.215448186876386068e-03
7.503059574617064291e-03
6.016711422404445730e-03
7.565300841506860351e-03
1.027434781158938909e-02
7.008166412766755372e-03
5.008669885317666715e-03
5.894064421884211884e-04
4.182679882086908743e-04
-2.888261770762488596e-03
8.579616565292626706e-04
2.576421342755767525e-04
4.080290495187810333e-03
3.626613400157687253e-03
4.005167121586598010e-03
4.424169323151000248e-03
6.762438558520388748e-03
8.339762417726598667e-03
5.711245301272632920e-03
6.476095357446376606e-03
3.739915867263781529e-03
6.740879385092580188e-03
3.783267827422272071e-03
