0.000000000000000000e+00
2.975648620891252136e-02
9.210570773981453796e-02
1.762528204936049947e-01
2.745329198395545789e-01
3.185878519951388932e-01
2.726480620179688730e-01
3.483691571073500026e-01
2.759227784230608993e-01
2.886796947106476940e-01
2.690203656545136490e-01
-1.521012699434609317e-01
-2.369859177730411215e+00
-8.792068911523987396e+00
-1.565950357248819458e+01
-1.935044125894120270e+01
-2.002705006376498886e+01
-1.823911281717670718e+01
-1.461323926450818789e+01
-9.909082260968721911e+00
-5.688346476752141889e+00
-2.851483784221152007e+00
-1.308848304716464295e+00
-6.595113381171584521e-01
-3.236481506092306892e-01
-1.651408459625865743e-01
-5.916137128735522721e-02
8.108197819823476094e-02
8.947352516409159962e-02
1.820756109698788705e-01
2.371735762581592966e-01
1.430010054063081959e-01
1.005165582967877114e-01
5.385150481299229297e-02
1.728912379294024471e-02
-3.624469905807295445e-01
-2.325459538584432551e+00
-8.396001958790769493e+00
-1.536272188468330491e+01
-1.930735564284155004e+01
-2.003430132000761077e+01
-1.847830086108512759e+01
-1.498222052079227495e+01
-1.022578387631438090e+01
-5.944087350321903607e+00
-2.876408857257234164e+00
-1.331019858316117022e+00
-6.136253224302659071e-01
-2.176052498472506591e-01
-1.225502291010132083e-01
-3.030663856455407743e-02
5.165365304438682831e-02
8.830427905387751297e-02
1.370623933815102169e-01
2.286082969698206846e-01
2.197700097451970591e-01
1.789125796290220449e-01
1.308231968619504582e-01
5.624928663527157396e-02
-3.696100018339125159e-01
-2.803903188971093918e+00
-9.226602406691174707e+00
-1.605317412222702700e+01
-1.955700347565575825e+01
-2.001901011792899254e+01
-1.818819545826331208e+01
-1.446318969056993708e+01
-9.826716593939641697e+00
-5.593619617059751192e+00
-2.669519858316117045e+00
-1.203729218688107450e+00
-5.651884750170134142e-01
-1.884251137263890929e-01
-2.955241967034112280e-02
1.023586724518518176e-01
1.509568427365454713e-01
1.563301352970483948e-01
2.544213352124714000e-01
2.358816144599541198e-01
2.172977712124131988e-01
2.569997434979168216e-01
1.917260278626731762e-01
1.717026882250286268e-01
-5.516966434238952666e-02
-1.304778004577922479e+00
-6.228000436774971504e+00
-1.351633612086325265e+01
-1.842326494305448392e+01
-2.009109938017124009e+01
-1.916440841172612863e+01
-1.616707634236122715e+01
-1.161143014075671331e+01
-7.149182987518720722e+00
-3.695531941216608551e+00
-1.771566422216781955e+00
-8.622859144253186559e-01
-2.949313006824654804e-01
-1.173258499596934179e-01
-8.965553045454248415e-02
4.705801945289340288e-02
1.491340321732063934e-01
2.170730222548320487e-01
2.008221559161456893e-01
2.602620504513595279e-01
2.162402101670429511e-01
1.502467463367475053e-01
1.218828763677368004e-01
6.484352131119772156e-02
-1.038763483876504745e+00
-5.373258090119676034e+00
-1.267340481451501688e+01
-1.803755712478596607e+01
-2.000873784962583812e+01
-1.935069634211426504e+01
-1.662213093405931730e+01
-1.220023793873206053e+01
-7.731781923189380734e+00
-4.066720701064554078e+00
-1.898293121208998624e+00
-9.367812314578127797e-01
-4.726663612333042996e-01
-2.507109091711511306e-01
-1.162172722798325147e-01
7.014097833391133401e-03
1.020167231178531891e-01
9.010364954181136754e-02
6.223615763877342333e-02
1.336622036320316009e-01
1.420440988020259254e-01
1.290389934814527295e-01
1.023021405057875227e-01
6.238231340216975757e-02
-6.199913711227142965e-01
-3.916371921458825511e+00
-1.083066191416524937e+01
-1.717780963263535909e+01
-2.001279849796851806e+01
-1.997874282617980413e+01
-1.780533629856012823e+01
-1.371653918302482644e+01
-9.022619977089959775e+00
-5.034972301885561663e+00
-2.358337691294965399e+00
-1.024182378197685539e+00
-4.007329065509261379e-01
-2.170275209319149912e-01
-1.808153622138306826e-01
-2.300574451533521012e-02
3.780746266927280819e-03
4.987910145975161386e-02
6.297658825344365496e-02
1.756750915782692990e-01
1.745692715541952156e-01
1.482570975903936550e-01
7.133780100381954814e-02
-6.618374208871546927e-02
-4.196697297556129524e-01
-2.399426764508188370e+00
-8.362117261669357760e+00
-1.534392983841412139e+01
-1.935631506605196961e+01
-2.019156216417774985e+01
-1.867102929687500179e+01
-1.521762230312158515e+01
-1.055953883587164377e+01
-6.308518474337413195e+00
-3.219643259040596561e+00
-1.529296697817476458e+00
-7.906034064311050491e-01
-3.853410500312209330e-01
-2.643709577727427207e-01
-1.914075186040797849e-01
-4.180192726880795767e-02
1.684652001724498346e-02
5.863879549079911019e-02
1.003111129309315896e-01
1.337145990944156870e-01
1.597923723053822909e-01
1.006034244583329379e-01
1.084296519605034148e-01
2.608466735043361850e-02
-8.849717708541671168e-01
-5.441169503642216299e+00
-1.294766058993460689e+01
-1.844869604595179524e+01
-2.038865872694574577e+01
-1.970869661252329408e+01
-1.680925857067531837e+01
-1.227022035185092541e+01
-7.589659231193778943e+00
-3.997314638033130585e+00
-1.878520728260127282e+00
-8.621356221776333983e-01
-4.703995680669852408e-01
-2.011089521319734119e-01
-5.959156561079248515e-02
-1.160007962902204724e-02
8.076346893964136964e-02
6.478147405295112127e-02
1.169880371093749982e-01
