0.000000000000000000e+00
9.324910946718691085e-02
1.532232349629117640e-01
1.809804831042683138e-01
3.071158575000755286e-01
3.211557390776185184e-01
2.908617490911465375e-01
3.542762429346888453e-01
3.249335635352591511e-01
3.174626735691766788e-01
2.833709157689522917e-01
2.024468304802683749e-01
2.369934890814492157e+00
8.792667356654634503e+00
1.565992082026423482e+01
1.935085621871129646e+01
2.002779753960690812e+01
1.824064427982024839e+01
1.461433303584066934e+01
9.910387455604666940e+00
5.693098717583945145e+00
2.851514114550037338e+00
1.309835602700742951e+00
6.611245011290091123e-01
3.237462591677861545e-01
1.980089021987491149e-01
9.226861372444797316e-02
8.913062570619187386e-02
1.288011096350363260e-01
2.044808913692693075e-01
2.389981875340213002e-01
1.869511904018398563e-01
1.106940763921844817e-01
1.157547827974178267e-01
1.883078550909422083e-02
3.935935980920313715e-01
2.325483423323791321e+00
8.396008395444725991e+00
1.536278372618439469e+01
1.930735917453399253e+01
2.003478515654076375e+01
1.847831651848653678e+01
1.498246159058478888e+01
1.022581126718852929e+01
5.944168187389779590e+00
2.878485043456273207e+00
1.338510665059633453e+00
6.519471581889411116e-01
2.617650255329200260e-01
2.104452693175273004e-01
1.545787594082023431e-01
1.725924707312620487e-01
1.846168797361630032e-01
2.456456609248469092e-01
2.778375536159791714e-01
2.901384793768714276e-01
2.506080383637631082e-01
1.946663804301974610e-01
6.383319606399145973e-02
3.794402535295871570e-01
2.804363416091932848e+00
9.226689027553844014e+00
1.605321889673897928e+01
1.955717208138593932e+01
2.001909765251224727e+01
1.818829529980884985e+01
1.446357640994979654e+01
9.826787251687274960e+00
5.593689830413989483e+00
2.669535878853181998e+00
1.205937219390213366e+00
5.900301310929857435e-01
2.561647637798018518e-01
2.118701780584445471e-01
2.193386480163624641e-01
2.736063803525902727e-01
2.645830662542165146e-01
3.267198960239945937e-01
2.960121792248942563e-01
3.245921483812596042e-01
3.005309448910222225e-01
2.832480561925669882e-01
2.133852335991725524e-01
1.749484746937294832e-01
1.305554057307807492e+00
6.228359888551270096e+00
1.351638464612498503e+01
1.842356989782154031e+01
2.009118760708252083e+01
1.916479268335567099e+01
1.616731588980552203e+01
1.161147522629547169e+01
7.149358601067198116e+00
3.696131225092105677e+00
1.777426224092863771e+00
8.812841024986187710e-01
3.368604137873892346e-01
2.026261360172929293e-01
3.015698175243755053e-01
2.345143280399865637e-01
2.103810549792969609e-01
3.629048986371381513e-01
3.612397665563426008e-01
3.495553167139345274e-01
3.528699021252919010e-01
3.566216640343423672e-01
2.968413229104199802e-01
2.268840020369644883e-01
1.061584174165831174e+00
5.374478447423485683e+00
1.267340605119083463e+01
1.803759872995653168e+01
2.000874762926506634e+01
1.935092809283691651e+01
1.662233284451864890e+01
1.220024270099218988e+01
7.731840840120692171e+00
4.066793621000257986e+00
1.910522699692402293e+00
9.688119450956452772e-01
5.316924244143751421e-01
3.836091289857082032e-01
3.165252422034318669e-01
2.401894756616906046e-01
2.338760148458461918e-01
2.756400332522442320e-01
2.936855588731965838e-01
3.001233960993742733e-01
3.017108033213268259e-01
3.454672681959736757e-01
2.267151747306001275e-01
3.226875964975165489e-01
6.384338394714055287e-01
3.917669650030570327e+00
1.083066784377141012e+01
1.717799700338779800e+01
2.001281571276888371e+01
1.997875209859236634e+01
1.780533773052311020e+01
1.371678572852649580e+01
9.022622338686407062e+00
5.038016857775617474e+00
2.369071656417455429e+00
1.075302205571394332e+00
5.077024248736503598e-01
3.963527842789875133e-01
4.181613766797050435e-01
2.986226418775746461e-01
3.439632090149411514e-01
2.836980761403536389e-01
3.425723015250513037e-01
3.726419713826505387e-01
3.522282953098377356e-01
2.527617682416999356e-01
2.237529332434296248e-01
2.208153414173054940e-01
5.400912432174852507e-01
2.412183763189129859e+00
8.362818811697167121e+00
1.534464905852121674e+01
1.935656902018903835e+01
2.019186048348729301e+01
1.867109209440427620e+01
1.521772851003419191e+01
1.055956440704573573e+01
6.309046638238583249e+00
3.228850319804239533e+00
1.579174361419489525e+00
8.976634780081003129e-01
6.280557836777719283e-01
5.251380813091915956e-01
5.790545647432397969e-01
4.083225759526659671e-01
4.390119440991723798e-01
4.626081891974647142e-01
4.913349700206264270e-01
4.774527703404776724e-01
4.710082199477463871e-01
4.403002007097371329e-01
4.146148011338871564e-01
3.860000482429017943e-01
9.813212138229369108e-01
5.445790367089432316e+00
1.294867542005199468e+01
1.844910478718754376e+01
2.038908976744912849e+01
1.970870281654329403e+01
1.680930198996896863e+01
1.227022161661058419e+01
7.591531791585966360e+00
4.005170661697954770e+00
1.920847827281726650e+00
9.404496958925773198e-01
6.823935053552363517e-01
4.466934359136813248e-01
4.287426709158496663e-01
4.066081355263078678e-01
3.930571705569905205e-01
4.401732238194313029e-01
4.445577682411858134e-01
