0.000000000000000000e+00
2.998204484620186488e-02
2.031745774403482530e-01
2.554151780827171869e-01
2.355681853093293532e-01
1.304031460348724358e-01
2.937094748356890994e-01
2.049523923577887818e-01
2.308751589069132915e-01
2.131305868375009960e-01
1.607058763910124422e-01
2.852038369340301194e-01
1.511849067501475519e+00
4.365978440338891708e+00
7.782136862962242496e+00
1.024104546287198758e+01
1.085646758329028216e+01
1.023286194022898421e+01
8.450671044422641387e+00
5.931674590192662855e+00
3.751877238821561988e+00
2.067752808115601137e+00
1.021505492841664919e+00
3.747492211716145771e-01
3.309048406715667245e-02
5.226525837781599571e-02
1.620137130768940226e-01
2.587802910575656701e-01
2.452143868514855274e-01
2.604771707036697137e-01
4.021588749268561469e-01
3.332372563745976124e-01
3.320284636400737677e-01
4.433257577032509444e-01
3.605566159595970377e-01
9.149042397098279544e-02
1.075942147750303279e+00
3.797323598292415614e+00
7.389754974108137198e+00
9.926187855924011316e+00
1.067096073390597510e+01
1.013086930257389184e+01
8.449446400426788628e+00
6.088035605571310960e+00
3.838431313331365669e+00
2.152452667963997701e+00
1.097523337870496940e+00
4.884646044721052682e-01
2.013877469212593807e-01
8.266539025027007381e-02
2.106973092538354519e-01
1.441047734738559460e-01
2.187177823271245491e-01
2.408390480989374693e-01
2.231835586805444305e-01
1.833830745163969322e-01
2.066928421399643057e-01
2.520383663933603580e-01
2.612365830868479954e-01
1.704572002059032976e-01
1.667447492068513393e+00
4.554019894018753511e+00
8.076653216340307750e+00
1.046177628794652570e+01
1.100199656441090568e+01
1.015774720205847359e+01
8.389419197067040201e+00
6.009718626920770745e+00
3.699207329116864784e+00
2.109837884338555014e+00
1.076032336511260734e+00
5.559543253240333271e-01
1.980075034109462506e-01
1.210685962560404949e-01
6.586152143689699701e-02
1.366756551352786286e-01
9.157332366844121718e-02
1.141914506680640068e-01
1.278616861583757869e-01
1.681363359563702031e-01
1.156796728150157050e-01
1.333316981639893761e-01
1.180049958428998208e-01
3.056255702047120867e-02
6.980185495059301193e-01
3.124545334581863454e+00
6.614768503503569264e+00
9.670240713289945944e+00
1.095235497589880325e+01
1.062065092351898876e+01
9.177479693028789853e+00
6.981714406351983371e+00
4.606597075757939308e+00
2.648132056102021181e+00
1.272869310501373530e+00
5.740080331110472001e-01
2.822354434005412416e-01
1.368293770063563342e-01
1.011021601085189403e-01
8.471188181609842771e-02
1.376020895902805852e-01
1.171373711785542865e-01
1.245943820382770378e-01
1.573474616194599773e-01
1.738262730304496184e-01
1.684731792049840304e-01
1.448892447851679033e-01
1.239956555150988349e-01
7.995007890764083136e-01
2.896226997450503493e+00
6.312927747880372920e+00
9.577862658341675939e+00
1.105793239838992470e+01
1.090402258371810262e+01
9.454195600191564353e+00
7.282483608368077732e+00
4.865778889377776473e+00
2.770595462059751934e+00
1.394741979972437207e+00
7.276896608600589289e-01
2.698884888933087423e-01
9.431116230565247949e-02
1.578343630598940950e-01
8.468188376134928863e-02
1.779328583993675383e-01
1.424800099387466268e-01
1.880980822232443672e-01
1.979494781077809351e-01
1.787000485714378972e-01
1.645623805211077484e-01
7.169301299924035753e-02
1.445431344376033045e-01
2.786554981623333704e-01
2.005071892866103322e+00
5.082552370772260630e+00
8.598110164909943620e+00
1.057704684578025223e+01
1.082690240967068007e+01
9.908602209627602520e+00
7.880581026569132064e+00
5.379271251322344405e+00
3.187998994597034841e+00
1.700624769362756528e+00
8.676322391856945426e-01
4.242595563318411478e-01
2.781708060091582224e-01
1.621341774048869477e-01
1.562820588508997688e-01
1.839318186910532671e-01
1.073671022604736902e-01
1.394668064477208591e-01
2.045608880419822473e-01
1.672565788356117078e-01
9.305802163803447713e-02
6.822190387278528889e-02
8.472302270134546287e-02
1.408296820509360447e-01
1.294978405982546876e+00
3.948442745759242367e+00
7.539800910862756389e+00
1.019477989353144665e+01
1.104570281734037351e+01
1.037003171453463146e+01
8.716754957637462553e+00
6.255873475285183893e+00
3.932603947733910754e+00
2.159102013648002139e+00
1.104022154871202366e+00
5.686243916263649112e-01
3.635749355385865522e-01
2.912448215186805855e-01
3.234805706783149271e-01
3.113452231980736729e-01
3.181249686699810786e-01
2.820559558722723903e-01
2.899898066726221968e-01
3.313434097679373025e-01
2.830573337926759470e-01
2.913723614416738328e-01
2.225027795558398580e-01
2.046637307630078950e-01
6.173154047749168649e-01
2.720844976502767132e+00
6.516500153769849923e+00
9.818106790663621908e+00
1.124901118775724740e+01
1.105821177961418300e+01
9.657513165315499748e+00
7.225129544793756686e+00
4.705581949698055766e+00
2.787808087312848571e+00
1.413096342111855419e+00
7.775918463750144394e-01
4.353418771833488243e-01
3.915390749810196414e-01
2.842908106515221744e-01
2.554997884222323656e-01
1.894146421109749456e-01
2.387822403962208406e-01
1.724393742934852425e-01
