0.000000000000000000e+00
8.837390986553782246e-02
1.224495746593165652e-01
-4.109596735329887340e-02
1.376656306140912334e-01
4.053133730355921310e-02
1.013093843738420291e-01
6.442504702546307527e-02
1.716054808536741916e-01
1.320855138592301192e-01
8.903436845873852201e-02
1.336036034435185149e-01
-1.894371734476249167e-02
-1.025841108233796622e-01
-1.143151791089705993e-01
-1.267260095782699048e-01
-1.730318783787904435e-01
-2.363628254178820609e-01
-1.787967580804979695e-01
-1.608361450712097740e-01
-2.325669120435186477e-01
1.315195049791623161e-02
5.084703868718111475e-02
4.615626596678203131e-02
-7.969625609779996608e-03
1.092521228384832760e-01
7.080557341079224409e-02
3.701325776310773058e-02
9.265103419782917682e-02
9.306399317199021137e-02
-2.947589471860510499e-02
1.204220081440680601e-01
4.636377957508693720e-02
1.024655316184600873e-01
7.462216920051332678e-03
1.534539001720192919e-01
-1.053976092786501791e-02
-1.039636281964681150e-02
-4.359026713298590205e-02
1.167798340865147146e-02
-1.392368050747104513e-01
-2.405503259334500557e-02
-8.499164487989083194e-02
-2.366827135037601754e-02
-3.100018902902252141e-02
1.093079653712095561e-01
1.414105273539639773e-01
2.202250229719329710e-01
1.454953051859952107e-01
1.710808368152779702e-01
1.515786941462961279e-01
1.646816962515617877e-01
1.621287962833616869e-01
2.038521303585935085e-01
1.578985521018808069e-01
1.894240745832462547e-01
1.754841239059026226e-01
1.441537055805840739e-01
-3.017771815043397698e-02
8.580997927358180455e-02
-5.080429502065953590e-02
-3.998049553336227580e-02
-3.791501124921910909e-02
-8.120883037112344716e-02
-5.920066788414328485e-02
-6.026512306958920623e-02
-1.057664457553528364e-01
-3.726489386582761826e-02
-2.802674653263898322e-02
9.248488542997847228e-03
7.294206733509782381e-02
1.694034926013885112e-01
1.735406658958038306e-01
2.097990153507519051e-01
1.939900633732054291e-01
2.281939591677662471e-01
2.134598035848662145e-01
2.049772539737839405e-01
1.788381229191261523e-01
2.411259866063369395e-01
1.557882559087672703e-01
2.084960229281821453e-01
1.266942965348955563e-01
1.660219170290795354e-01
4.500839169013307051e-02
-6.691383149357647830e-02
-3.621836344421330844e-02
-1.060029147506365982e-01
-5.954123839085719017e-02
-1.213623688130208017e-01
-8.800920987068934498e-02
-3.235764515581650291e-02
-5.011005514285307022e-02
6.655602563758634960e-02
1.442095481133103541e-01
1.820018436733210065e-01
1.627589206610814410e-01
1.652028932208331746e-01
2.879344381983505730e-01
2.297444512087670476e-01
1.483887756603005648e-01
2.908251510168690657e-01
3.002742590280961243e-01
2.333507757386571457e-01
2.788500301825806993e-01
3.234268487213830534e-01
2.706646179971353150e-01
2.174204869010129548e-01
2.189323717591723784e-01
1.145254503724536382e-01
5.598730932030776021e-03
3.874161861087918601e-02
-1.978273415868056842e-02
-9.470548785882511311e-02
-8.192926798012195588e-02
-1.077967699288228699e-02
3.018392287595429366e-02
2.435354884626667743e-02
2.158244935370951245e-01
2.470577044910592102e-01
2.434817141760413639e-01
2.903446294728878607e-01
2.944176872672165102e-01
2.400870397381363597e-01
2.104532692178236186e-01
2.604971406187499006e-01
2.870154493629629711e-01
2.687163340894096475e-01
2.661820482983792147e-01
3.204630580208620572e-01
2.023216313226557928e-01
3.166002714906251403e-01
1.523432542503183051e-01
1.008288628298607825e-01
1.133327641825735560e-02
8.023262017450746852e-02
-2.624943729221695249e-02
-1.924843832442183975e-02
-7.140950005671129440e-03
8.224088309863963886e-02
-6.528060977836275952e-03
1.751221815662322712e-01
2.252639497524596690e-01
3.276053868544265835e-01
3.117288723070598677e-01
3.316543151594033012e-01
3.770473998506652102e-01
2.977351473394387327e-01
3.439424299407114471e-01
2.792788456781245543e-01
3.367339173652201256e-01
3.286339925128179407e-01
3.059253854225110203e-01
2.047152766618635378e-01
2.120761497268802143e-01
2.106635404819153234e-01
3.399645112758971632e-01
2.477533231967590788e-01
1.083207245514463540e-01
1.485659550531245321e-01
9.915289744447340625e-02
1.097595315282119399e-01
4.842512737554989510e-02
5.685459210969270177e-02
2.323876644088545759e-02
8.163419879632510812e-02
2.436630300525455539e-01
3.937553476579275791e-01
4.251422979299190885e-01
4.959499395825514578e-01
4.537378109959779859e-01
5.465046667429398486e-01
4.061772087515914675e-01
4.386885932242180486e-01
4.588767028036458973e-01
4.809862091450520794e-01
4.583465434524587323e-01
4.430746449655664776e-01
4.286527939163481959e-01
4.001855118504627495e-01
3.851176799015331720e-01
4.240475085296009361e-01
2.242925654540793012e-01
1.621122503480321442e-01
1.228073805153067077e-01
1.325777554409139636e-01
1.563797731024283225e-02
3.820594394872705440e-02
5.571154372945330037e-03
1.686051512127605678e-01
2.507343492465563539e-01
4.010190133521985278e-01
3.757230355951389766e-01
4.943532568046868914e-01
3.988611475949365159e-01
4.245811149499129633e-01
4.064426331338540921e-01
3.846702502288196768e-01
4.353800955339116041e-01
4.288885734976852215e-01
